12
463 279 61 446 828 672 69 733 655 520 644 206
602 183 730 51 709 159 998 273 980 141 58 430
517 903 854 303 279 271 414 339 745 634 385 988
43 756 6 291 322 861 466 330 441 218 798 397
243 735 740 987 980 262 237 992 683 624 499 676
518 585 791 322 426 252 378 637 605 644 294 288
606 402 859 167 127 892 113 260 758 174 593 209
266 569 121 949 183 819 528 7 769 62 482 342
628 121 851 822 536 824 254 702 275 353 748 713
513 854 798 623 41 786 970 376 900 747 7 162
199 769 215 51 678 299 336 17 302 368 317 489
439 675 659 777 422 564 259 978 532 143 927 235
