13
20 84 25 68 72 2 52 23 65 9 57 19 15
75 31 28 97 1 93 68 46 53 2 100 76 69
44 45 37 58 52 52 68 88 18 29 24 45 95
23 85 98 5 6 79 8 84 14 59 63 55 32
32 33 94 30 39 73 28 100 5 13 94 25 30
19 32 15 89 19 99 56 53 13 34 78 52 27
97 40 45 68 64 69 70 98 68 22 81 32 91
43 100 20 73 45 39 83 80 29 77 100 35 29
84 74 37 38 42 19 91 56 91 42 32 71 8
34 31 56 98 63 98 43 49 49 21 10 88 74
21 3 27 31 99 49 4 42 4 67 43 84 59
63 95 99 14 58 29 89 14 17 94 21 11 44
61 83 41 75 25 75 60 92 13 16 4 25 43
