14
600552 794979 834812 608055 772646 477384 609430 558760 237501 974494 40229 844285 349123 84427
8184 71397 900872 321584 573331 730473 45561 704671 852400 271122 111073 22267 284129 116286
108351 560298 204157 224187 978659 525807 901358 57508 876961 651382 577498 69170 38319 714632
882085 64086 24170 957063 944292 46273 395360 636759 73821 410678 108809 199216 552591 589119
184690 800717 189125 509694 440986 168626 557492 479046 342305 32965 92718 346852 259829 613659
464494 61910 689270 897817 901093 979216 223713 691432 385357 527375 328207 679863 894620 95751
213000 981488 106464 250713 352276 928891 242158 640362 445272 61965 969678 197103 866662 567307
538165 497448 903062 648270 565705 388423 322557 560061 152306 239943 74093 294249 239947 432550
163647 147064 391564 939867 4010 655859 410867 115160 785095 638113 474845 41372 661614 317344
700846 54015 805024 770314 320096 296285 616598 179899 879544 415772 648505 627998 143903 762161
29780 412851 619757 695271 444038 125152 873612 862827 955837 967324 65777 557335 232536 50331
371928 511428 958543 652412 214253 741068 488814 674088 474033 295974 38497 773854 107550 26649
955568 918891 837188 727388 873364 335204 839606 264633 789863 91546 602850 550055 370605 801502
374294 467742 22115 178119 871273 114862 532713 425446 176281 965169 327577 701361 988624 814752
