15
102473 191409 864595 312773 913391 707541 845763 685023 426011 124171 179961 528246 88251 590799 914253
325564 304730 825580 864747 34236 995295 845483 954921 214753 427975 68530 414281 461683 560713 959971
696769 433149 376266 644287 228250 25819 944645 154880 342494 492276 197467 243346 14996 547648 648598
920176 254031 762365 545461 148795 258311 787933 185374 364782 700606 212583 381320 742170 746737 93681
311487 378687 669277 463771 236981 821817 165363 357124 822083 607558 737983 153675 41411 733749 750116
287207 908371 239846 11093 614683 509284 315009 4567 993570 77535 606398 117451 864059 92151 649526
479219 883033 635160 592566 270921 906675 492114 636475 613310 868580 730155 862814 393437 350250 737994
371138 639107 890847 962174 897830 300551 333080 824006 338261 548705 752099 551536 844136 949473 764273
910931 417917 123322 262721 71650 176193 749626 876486 89785 703861 25094 700201 743933 171015 935688
91157 707993 134393 951378 580611 295237 195277 3140 196241 258061 935714 851543 742596 377765 804924
206315 836442 828749 877788 206269 743855 551499 657278 118941 315951 118738 342702 369344 570126 829116
235653 257190 713676 12808 205522 971963 656672 783414 386459 765225 310979 720506 527655 389519 222265
217232 668815 163248 331911 477319 62708 270906 915667 395874 516656 158042 995945 808345 574847 130313
774620 842026 213343 516025 883211 354467 969656 1521 497326 693184 678774 998792 612230 261024 237498
154700 26432 621573 68989 361163 830146 128980 209371 875706 445516 316566 188287 411728 515468 528600
