16
782315 682483 563241 692062 338521 718570 287500 375244 777722 600369 972144 410109 177258 559061 745495 50324
615768 789365 338705 489503 500525 273689 144052 840145 899651 630708 395291 722936 926083 222725 641962 325761
470184 6188 939514 41834 827852 859766 427125 46293 21020 374314 215093 420651 857404 339152 753668 684477
26394 408988 105213 843670 777945 685892 791549 314715 981353 200678 138383 334294 610795 528081 288668 713615
954490 20088 306796 46850 94379 391824 45477 733044 453181 644331 697190 420880 455708 558659 202086 735669
601317 245601 934202 397941 494364 485479 337878 93011 629542 842343 436236 700902 978983 786952 383615 745986
677982 312928 483814 175737 356241 780442 346046 827953 911484 971822 100441 195829 772339 593436 845019 350263
947348 708259 745962 128758 406985 833461 463092 950304 595561 687416 822420 865606 119881 820505 907635 702049
911535 614076 992418 412750 409704 381945 985449 989102 561336 558811 309980 546157 685594 209964 389867 440245
499423 346647 163904 528185 851136 781472 300369 927485 958878 508235 33628 886879 200847 840532 794690 626603
754147 793529 57584 257765 629156 443280 73426 140196 896266 247952 414062 288149 151892 565345 497150 683227
520603 851071 514568 603914 740269 271774 436014 331075 127086 717766 9680 838817 467365 449450 931864 330073
132943 861907 607411 726285 967113 102020 172846 470566 737931 522520 704070 253713 205781 207310 780517 522448
102076 52463 827616 879259 565960 137252 909455 733215 835902 369597 893520 811142 243043 640302 159367 388510
803170 970454 273126 349440 954214 386364 299697 435169 236109 506417 674510 290385 959931 74214 806740 166770
163152 922383 835836 393160 397912 101417 213246 971676 149170 157941 31218 909200 929614 796753 270534 143588
