17
903892 211680 669058 536669 970928 836402 950340 281239 133627 594239 186827 328102 829712 81766 151184 239545 115501
554939 745013 382718 872389 399002 535908 552368 608057 572039 162661 934409 961781 569014 343019 82171 273220 703210
468348 827235 824052 751918 19584 296702 611842 263261 288857 458786 765505 71026 141146 868605 961750 814378 800349
536038 451878 509330 894150 87529 558296 468854 242035 643712 750144 118488 120865 84734 657396 504331 992346 625138
632805 540303 926803 870206 721085 291526 207606 775610 144688 840717 850644 182263 665560 534469 23205 848245 432247
656284 596654 149664 171728 823240 317268 872346 835352 653165 329612 766219 58250 499198 36831 784260 41595 298603
532228 177899 717094 832719 86508 870735 303078 944915 425065 782447 611574 513431 779669 24783 715717 225972 948962
141483 836904 452944 852104 814035 561034 766185 309959 705116 743240 900090 38203 361607 710457 201988 86712 349054
621230 868653 209621 39451 92115 515824 900419 724212 450060 877605 76455 974221 220136 682628 647242 418822 707998
3841 450914 365631 786442 628813 293229 933043 245445 247413 73488 617311 315050 503754 231735 466068 220482 209264
1626 280170 878864 263769 203342 515736 96911 81460 560903 808255 878974 568610 778284 290641 704810 949931 858691
127108 886455 990439 401370 934740 363573 409698 860338 14629 546658 535322 999401 564463 67461 492613 27832 294431
546015 477204 151094 118323 733647 907589 520975 841703 641329 504401 819507 19025 512765 593337 961058 401568 751574
178578 646956 648074 161953 583600 757030 219943 112191 706238 812440 632887 480405 184887 994171 486896 491885 22706
451563 946401 807411 466708 885261 592509 471923 188610 638952 819182 582913 64308 784259 195236 787929 98868 933185
464035 970543 293899 762465 102759 734182 504174 484207 613112 543175 580398 747200 965354 630413 344976 703257 867525
30972 197662 222975 781744 351101 397970 495286 859450 131928 321218 495163 217462 917271 235075 53879 226740 384923
