18
727888 613609 746884 808929 709078 467301 335106 254126 981850 696947 971447 672288 234460 666433 838380 540977 430634 824034
75462 798938 218932 936719 888399 78950 534495 286387 467688 988528 440045 62381 888703 297851 503021 434668 415098 144286
255727 42060 877413 612900 535358 879851 48741 302312 750779 821235 189345 735277 372951 256898 182098 723376 195851 587143
930613 45169 164780 550930 941946 47217 818931 626206 265743 27315 645086 985899 211712 509337 889326 743949 517282 769054
623614 475758 887339 220300 114149 247422 77904 520872 788342 638135 945637 507526 347305 490124 135025 319450 820719 370505
325151 319591 610968 979423 207906 673208 823396 988860 619514 693023 429575 46478 497266 310355 60462 928882 583310 281599
476303 78663 47394 989435 10180 9615 450430 948140 532058 314485 720751 372371 730218 259638 64937 418809 756954 201011
985087 960017 535387 305733 824417 999910 274304 313783 513045 90199 987870 324062 435849 357182 67100 839249 594273 998267
199964 553834 483953 357596 187000 619675 360033 940141 449308 373480 812058 973656 275807 760574 820310 377854 106620 939326
715459 250188 399463 800625 713421 227602 875930 386761 947274 333644 194523 444097 168127 170294 347318 593910 536805 563899
327145 855766 178236 24589 862143 507809 420399 628540 264576 518342 889722 182456 690782 33072 884804 779671 359130 652390
700325 107210 522861 483069 823031 113209 244679 198749 171665 894063 269991 593590 802713 910674 545634 363456 753853 893173
181004 99024 946965 43495 898429 725170 322595 395187 269684 871028 627738 439802 285507 905088 528808 379289 55004 619699
971689 613721 681804 799372 960723 323751 613857 157243 178528 257176 13732 374070 118498 78972 946296 224153 651887 894182
430664 22537 201328 803032 653264 877877 942676 597644 888922 485354 707051 959735 926828 443990 504941 768653 48254 332758
844261 379157 852916 29865 264224 978282 480826 9555 756914 380693 26550 600847 998424 871884 192701 442547 561442 958605
479582 618927 531156 135890 457826 210451 196356 30065 920925 243906 737608 527102 964514 276325 84363 745706 289290 97075
362902 964495 274434 282485 606967 862667 618421 587383 652957 683510 594086 407930 391585 180142 214825 800109 797840 452853
