19
100 37 74 39 20 79 66 57 37 73 97 39 20 68 57 81 67 30 73
24 100 6 29 79 72 24 56 81 29 73 39 45 94 72 23 24 52 5
28 100 83 1 98 40 45 74 36 3 16 56 14 98 53 84 54 4 3
26 10 15 10 63 12 69 69 59 48 75 41 70 88 47 23 1 77 3
40 100 60 1 2 31 11 3 38 2 76 98 6 4 53 39 43 2 71
45 99 98 41 89 68 26 96 89 10 76 29 39 37 41 1 74 96 45
97 45 73 89 26 49 5 23 98 45 69 36 42 38 2 17 27 30 36
29 12 58 92 3 30 70 37 47 88 5 14 12 38 95 97 74 40 84
21 24 37 38 2 66 8 4 40 70 64 25 71 33 1 27 12 36 42
32 14 17 10 70 15 75 35 87 69 89 64 68 70 26 47 36 24 43
12 88 22 39 43 66 15 96 40 5 9 7 5 78 10 3 12 33 7
3 18 19 68 68 52 6 64 21 87 73 88 67 53 21 3 29 88 8
34 77 9 42 17 24 47 72 38 8 95 47 42 92 53 53 92 45 66
41 9 83 98 97 17 94 86 28 81 76 54 70 11 37 99 26 65 70
75 93 82 87 23 52 15 64 38 17 63 56 73 58 7 56 6 67 5
29 27 19 1 38 31 36 51 37 9 84 78 6 81 35 95 45 12 81
70 68 3 100 20 40 52 77 56 67 18 60 16 29 49 94 53 4 41
53 80 42 43 83 76 69 38 4 2 41 40 54 94 77 12 57 23 35
86 60 48 15 25 65 83 2 82 44 72 87 39 33 44 17 16 28 75
