19
94390489 68657711 6930433 17474178 13578905 73459331 6779199 53636172 67553911 52030630 57472511 68064168 3387797 44103181 54518825 97553377 76321267 57203739 67168128
21434793 23414557 53659857 67190016 74215569 70499344 4109404 90171299 20817062 52118926 5951496 21520640 55348019 49144194 90176328 24367727 9350433 73752878 65011415
51544471 80455543 56459575 69821739 8835743 17387500 14884063 37701301 61687132 22252182 8945389 90193580 2557244 56048675 12169243 12578398 21102026 58340896 53796116
83162692 44378626 17026885 11377729 55012692 39256278 49143247 58549255 13565005 94221726 78642251 97664815 58554103 22766672 22079087 31983758 83693724 55544759 18146778
57095222 52549670 13485585 61996249 76268474 94041518 79053251 30279047 69416533 66010736 7836931 7850230 70360577 60292705 47660984 52068896 32082626 47730142 57402092
55633882 84654011 86565441 42700928 93892110 15527119 42649408 50755859 67557096 26877926 94903909 91386178 76775110 49686802 24475923 76552368 87476495 19245112 11020502
95520896 75949639 41775078 84550135 67861040 62575113 6850441 6288017 41461245 70657450 25305395 76962733 27752515 71292093 97319303 95981836 91326328 204992 40364693
19921840 36134591 57502364 31706041 93772117 55459123 26268101 45136830 53370198 37838164 70946338 86642393 22465982 46137425 1446682 58676031 52852354 11953161 13909589
7735924 80999703 12534780 44069403 34930314 99631851 22414480 94152548 74218470 67680888 56931422 19248378 68014938 7058412 49837928 84090184 94844570 59680674 32175215
26183855 28735834 3185131 4606157 86221696 35039906 48775907 20392584 91718905 32363044 69635656 21204603 4810200 75299740 33341336 92949459 70144110 37654159 36721383
33807421 23812414 837352 66591797 51662207 49252246 77127757 34808635 33113427 91058347 22482477 61074402 51258574 62642978 18586840 1935858 4432030 8680988 28829742
49410725 3088619 8277540 57892270 47680803 47019174 29795990 69637104 1288991 60085653 73283426 42986208 73277715 74663272 61431360 70474290 96706262 82977178 65009079
29165553 47984521 97521148 73707148 78621227 55460627 87745821 48328576 65605376 41700017 85203967 15265131 40216490 22893387 74340275 89196316 13132361 13831056 11113183
34948501 8655732 11881242 36636234 4451707 93248238 58409735 78026467 9731554 84240122 1078483 53647332 17873856 68403227 5460582 24933648 78899380 85074785 89409173
61986079 22486254 53519470 78617745 15122652 84477543 49217241 6809341 9574800 49111464 58764469 8992178 5515439 17911776 68075837 81219164 90606574 41175809 63574527
5288829 97253938 72997664 51058188 61825158 61756165 35764059 21928183 80173829 67535986 5060334 21469616 98552364 39640967 50924118 98869648 32891677 82701268 96384142
43661584 77806537 79531940 79221715 38282247 88132429 92567250 27892358 81430135 14466330 35314542 87545087 61911852 91148884 6015120 57076857 87664329 125487 699672
23159666 99640321 59123775 47825722 2177805 25244684 7585024 31684608 26012774 51008938 88786951 96765499 32613346 19191608 51595423 50263940 47288300 77991847 20282572
4922425 65659291 40063840 5848815 29390510 74211396 29019490 57286287 98291945 69378802 18606885 76221168 59186351 61103160 94252046 43372430 58612913 71802086 91651455
