19
99999092 99999173 99999267 99999477 99999923 99999939 99999119 99999542 99999694 99999083 99999618 99999540 99999395 99999047 99999190 99999505 99999434 99999777 99999847
99999639 99999313 99999029 99999399 99999838 99999480 99999587 99999195 99999816 99999099 99999036 99999732 99999596 99999724 99999055 99999754 99999435 99999090 99999362
99999692 99999471 99999550 99999753 99999560 99999639 99999834 99999913 99999666 99999656 99999166 99999903 99999744 99999121 99999946 99999500 99999367 99999022 99999482
99999831 99999755 99999210 99999528 99999936 99999329 99999612 99999571 99999220 99999634 99999266 99999155 99999945 99999468 99999438 99999676 99999177 99999357 99999391
99999416 99999891 99999703 99999600 99999788 99999114 99999241 99999447 99999022 99999315 99999646 99999714 99999788 99999442 99999410 99999394 99999478 99999282 99999346
99999650 99999143 99999075 99999324 99999934 99999311 99999543 99999102 99999587 99999173 99999755 99999368 99999467 99999872 99999514 99999335 99999377 99999878 99999172
99999514 99999372 99999686 99999056 99999523 99999221 99999320 99999918 99999028 99999580 99999376 99999083 99999199 99999665 99999586 99999233 99999258 99999479 99999146
99999967 99999015 99999894 99999288 99999586 99999470 99999116 99999824 99999766 99999861 99999355 99999652 99999039 99999754 99999725 99999468 99999259 99999049 99999683
99999146 99999460 99999992 99999556 99999541 99999802 99999569 99999938 99999688 99999509 99999887 99999023 99999638 99999978 99999391 99999159 99999407 99999472 99999051
99999166 99999785 99999084 99999843 99999232 99999971 99999884 99999167 99999417 99999292 99999413 99999043 99999065 99999470 99999974 99999198 99999688 99999179 99999350
99999403 99999080 99999878 99999920 99999672 99999766 99999153 99999291 99999181 99999013 99999055 99999921 99999018 99999022 99999156 99999361 99999113 99999032 99999331
99999072 99999977 99999435 99999471 99999959 99999090 99999163 99999640 99999065 99999063 99999921 99999390 99999097 99999915 99999032 99999225 99999687 99999096 99999983
99999452 99999574 99999103 99999916 99999900 99999140 99999794 99999669 99999234 99999941 99999767 99999108 99999873 99999180 99999421 99999845 99999708 99999292 99999539
99999599 99999142 99999047 99999515 99999777 99999162 99999865 99999582 99999059 99999439 99999234 99999655 99999028 99999684 99999450 99999639 99999152 99999748 99999044
99999314 99999667 99999202 99999620 99999164 99999141 99999377 99999981 99999754 99999791 99999098 99999760 99999505 99999822 99999604 99999934 99999999 99999358 99999375
99999924 99999148 99999757 99999871 99999189 99999860 99999336 99999386 99999492 99999035 99999838 99999547 99999248 99999032 99999157 99999134 99999648 99999934 99999141
99999264 99999455 99999244 99999495 99999128 99999665 99999868 99999111 99999796 99999441 99999475 99999344 99999801 99999003 99999624 99999048 99999510 99999383 99999238
99999417 99999493 99999229 99999307 99999915 99999388 99999070 99999918 99999858 99999999 99999730 99999966 99999444 99999596 99999784 99999176 99999257 99999672 99999259
99999274 99999574 99999624 99999990 99999421 99999991 99999098 99999283 99999284 99999185 99999990 99999850 99999332 99999862 99999322 99999140 99999233 99999153 99999499
