19
1 2 6 10 24 4 23 53 20 72 119 93 156 182 102 105 63 67 171
3 6 28 46 65 22 23 211 106 40 70 515 660 522 769 514 662 1039 304
2 20 24 132 70 238 264 393 548 848 1088 818 1479 1736 1711 1780 2190 547 1107
12 55 101 56 357 337 76 87 639 1133 363 974 360 1087 3282 1908 1478 2296 4461
12 61 82 106 609 268 62 199 844 1408 1151 1608 3030 928 2867 6119 6721 2708 3551
36 49 323 458 8 81 169 934 1710 1749 1584 4841 2146 6012 3489 2558 2584 10384 10589
7 2 170 560 778 1552 2252 2446 3770 4260 2529 2120 6857 807 9454 5635 8080 14962 11211
35 249 183 462 697 208 2832 1265 2999 109 2688 3540 2661 11295 13799 11951 268 19414 494
5 186 90 35 77 930 3618 1846 6468 3185 1043 2636 9453 1627 11430 19269 19952 22946 28901
68 190 164 977 1478 3543 525 2030 5047 772 5576 9122 8189 9679 14351 18887 24476 7627 22464
23 185 1028 1588 2240 1841 2531 4925 9658 3907 8423 16980 9609 18065 3769 2341 21126 23090 4754
53 346 1271 1594 900 463 6773 889 11571 3874 10070 13101 3568 19643 9881 31115 7273 3526 22048
115 127 1011 1294 3776 5976 1177 706 3228 13464 1248 12845 1942 14838 8982 14601 23368 42865 41616
43 62 1075 3001 1447 6913 5099 276 13584 13581 8465 27698 14934 35256 394 15112 25697 29994 6859
86 296 1699 2110 3144 1398 679 3247 17801 7368 26758 21490 30678 4443 2473 23954 52440 65773 14006
31 253 776 1578 4597 5458 639 4325 11533 14018 11923 13522 20396 15847 6834 10561 28642 15868 80069
53 33 2183 4222 2828 7265 12365 9961 229 8410 20625 5453 11927 53882 63104 46597 59037 5958 32176
33 613 1422 372 3940 272 3358 17835 21838 18055 33208 26484 29050 25746 46448 8864 35977 55747 105020
111 770 1145 388 7614 7037 6539 18043 9108 7071 14618 33863 48556 56919 76475 61462 58073 5879 36291
