19
132530 706039 215570 272288 1987568 1431 1969142 1575473 58639 65443 40814 6243219 5476 115635 3121666 4448887 3155893 524736 147024
991873 12736884 516311 4898543 4515 380482 743557 1871075 849800 8964383 28659 47136 250997 16231454 1217704 27005438 150989 1007481 832004
64115 601775 3335 375406 342204 49123 6823639 4546253 18271878 1786219 178360 775098 1830438 1555319 77044 3164205 411067 49905 1320180
2033958 387857 13032981 162994 35434 374888 59925 3339282 3687126 331469 787984 1298541 4436609 141054 246441 2708248 139417 22856315 339568
12007624 2256244 7158192 25184935 877678 584387 24857 512609 826870 75575 3768769 19756075 3191146 120942 5405661 16987 823857 4147491 533297
7528159 8433776 452454 6933932 19107392 387219 4616327 3711213 16187 349379 2968070 665312 10831071 105010 22046 917109 5986405 68982 5794473
1437629 30403 998537 8367802 227449 27085 79220 306440 11378 7378 314568 4328001 4028658 6623265 15874949 19139442 896669 127223 828977
185528 28052368 78652 4699912 4829330 806409 5508646 7672441 709107 719874 2544110 4428679 1352288 4898951 57426 1815753 6846763 33493 96725
6817306 2767339 5153145 9153205 100161 413427 27977465 2570632 314150 736076 35106 66736 1615415 150860 40148 929304 7901897 176005 427118
1030475 221972 5460720 6510 407064 273039 6393489 2975907 86445 1067433 2263377 266792 59966 9225138 2003262 2040126 2119050 725576 2227403
47899 366018 10937 576181 2451154 190560 84994 1327362 1646472 3026506 774970 3911077 4607 375715 4399661 1925499 1720662 2493896 1782805
7151 466791 11109 1737414 973121 2159716 174959 7764666 5747895 17305 557655 82377 1652250 1072345 244157 438039 773457 793843 3832909
6187359 1783433 1483058 893 5415075 8077917 32728 1967042 2472986 595503 619974 1723719 384901 11236 3933503 4760903 274321 538963 16856692
13603281 551318 32 104947 2173834 2692541 34577 32860 2098659 152175 24716387 4530931 1060750 2935717 1880953 8095425 834214 1600165 4219030
1172078 992059 880811 1423190 3424202 5283245 118197 129528 277424 9603 3907984 194825 1238900 240471 2858855 7814584 2420 3021045 946028
7490420 280354 27695 1506016 14729986 1121064 1914093 128786 2267459 316640 286568 6458138 417374 426786 11193541 787298 1749129 134401 3253483
338947 186329 929001 40060 356921 1803343 10038 2459078 4547693 2522600 368601 213831 2167399 29961 5304055 1298609 1840578 290866 15
24526223 262598 10898 600920 2995409 62048 418649 939833 1873268 8586584 193515 2912 32143 119744 4071356 2086123 67847 10931944 41618
198106 1040830 10419109 293758 530031 3071101 813269 166937 61572 256846 13975898 198715 1466410 2972649 4438129 1767479 1845405 674513 213392
