19
91886828 93659511 99271506 95293691 90247380 98753091 95843398 99319354 99276143 99382457 99986649 93154137 97817844 99968494 99652085 87231650 99759846 99214990 99338295
98509552 92804032 99472955 96990872 93645617 93470859 95042272 98629082 99985061 99833854 99238990 99928104 99790448 99708001 99636648 96840667 99921718 99899945 97283852
96026403 89212071 96457103 99895020 77168357 99370081 99848642 99883142 88365093 98851622 98451194 97190173 99269243 89883822 99046520 89374808 99962755 99793686 99979595
99282202 99969267 99738892 96740700 99092473 99048967 95911561 83445928 98784327 98792581 86778252 99294099 98139502 98744957 99972576 99091217 99900553 99686928 99904291
99667158 99994024 81245723 90201689 99779940 99820345 95767420 99910161 97920869 99570045 98968124 98422208 99996842 98243727 99982833 99965515 99484886 93577230 98848122
97179111 96085315 99225923 97722645 97239092 99557974 68110155 98406212 99999036 78769633 99482207 98427693 89622019 98640285 98301674 94657033 99949062 98081671 99184722
98276472 99922091 99833669 97081114 91270674 93910874 95778077 96356071 98804055 99217825 96900195 99200931 84712407 98708467 94228319 99835235 99234297 96591100 90278268
55868556 99927774 99997098 89042110 99878374 99714339 95354011 75883828 99668632 99946994 94882828 89377539 99946562 96339362 96875055 91010887 99017026 94035242 98108989
99916040 88098423 98245460 99213845 96824734 99994102 74633531 99897791 99461014 96454047 96628237 99763517 99981510 99977115 98246044 97852820 93587995 99181739 92767888
99744893 97273911 90628555 98546597 99984351 99977202 99133958 98728797 95354613 99092326 99376534 98274122 99809502 99250075 98793968 99813955 99824109 97636437 99999599
96391016 99923080 97189379 97306476 99993486 99433538 96696165 99932063 99246066 98399405 97014222 85630443 99630144 99433696 99971066 99999134 98665023 99093955 99954678
88957061 99553163 99466311 99396802 98647508 99808485 98281498 98303258 99864246 99486946 97637344 97613710 89671498 97708567 99646964 99456965 99229706 99401132 96276837
98802391 97659670 93552228 99983559 91361388 97030534 99948075 94269971 99948406 92022026 99889333 99984856 90501502 99558271 99152349 98112996 98666689 99236056 99922494
97324762 95303826 97987346 83008125 99633343 99928969 99714867 99404738 75228352 87549171 64353735 99972848 98967282 99491708 99748407 61794123 95280633 96757278 99824641
99857742 97867713 99961658 94523668 88265743 99856997 99717027 99406940 99881804 99845128 99887722 92586844 99995943 99633820 88171072 93994409 95551359 95063014 98818254
96579032 99636123 99167733 99999960 99934637 99484919 90021814 99874721 99983317 99793973 98606980 98868585 92150328 99550158 98298479 98015553 93363149 94502876 99474947
95424397 97110611 98507054 95130725 95367284 99753374 98582946 99366483 96870588 99763104 99291699 98595297 90975513 98845825 93207045 87962310 99982398 99680245 99166758
97346311 99853320 99041436 98721496 98023192 99203349 99963945 99985497 99484369 94555327 97805878 96643222 98512723 99998007 99657362 99865204 99281490 99908597 97723124
91856262 99997636 98391121 99349089 97704623 76906778 97839394 98837799 98895117 99998363 99998504 89864925 77112887 97147379 91031846 99901719 98502433 99832264 99659143
