19
21905691 31868598 61817549 33706292 52626812 74524392 42370906 13499285 30611773 54660023 65663055 48620369 41296890 49425398 76813810 40547609 30906829 32114116 58508031
52067806 71619653 48940163 30995627 59789123 24583547 34413885 5073987 45033009 58076792 69704651 53220167 21710305 40475034 36163731 56692170 28375025 68775021 10328257
88430555 49129208 52597750 73909252 42017751 20125716 41336968 59214447 66275839 79906685 48723976 85976630 93066379 45981250 43080526 61198141 56266309 65648761 17834712
87193967 38756431 36136844 26407125 35368699 29721914 88594680 18224513 53817265 49965093 41083832 32871737 67772100 34109664 49751295 23755017 75386026 60410390 25466395
34878629 94699243 32555046 5051858 6390542 39895642 33217811 62895454 75102799 57178528 23538885 28107291 61839099 47473538 37578857 50205234 37120222 90692718 23219675
68784826 38321319 56825783 96361995 87349582 30204195 65433581 41596360 31545212 79691453 64174450 80522293 74011514 64228732 77950751 73185821 21743610 76297048 57458687
63084051 76929678 42709766 62141317 36142687 57333093 33553495 80366100 38509229 43173519 76812123 96475178 46239413 37575622 61257893 26309726 37598682 63551447 90004789
17730327 46095197 4901389 20889130 44030581 65833608 14477326 63036126 12093777 28501899 21413464 52459978 65338377 83856167 47584344 45257871 26684909 53824966 12698130
58917577 46756095 45389272 50804728 42425900 48574661 26318410 50676379 70723038 28083719 72657433 62394060 44182203 1113762 68206740 14504767 77518351 91771007 22720121
32219573 22491102 55140318 89582435 66182563 19747330 35479517 69247529 37705265 27939039 35893312 67188652 52324166 88916809 38705768 70312152 79466683 19637351 47041551
38100948 52651658 10498141 13202029 38313685 59652001 68474971 52530370 77247642 79073114 45837474 29185380 42100218 35978379 63319056 95699493 9688092 41215763 29026910
81182817 30644665 31066242 83087641 82120210 51747033 67764191 49639512 55784884 57337337 38976997 55550874 50048104 33967429 46713790 53123094 61957840 58787216 18416713
14544917 34379619 60514314 73313822 31891249 24636292 16479806 46938945 65770080 60303262 85549502 55659512 92229042 68270244 62825434 13298630 66025011 45170083 16318660
86772435 20232035 62399425 78362881 42323674 23509186 39503484 77515776 18421671 46940352 45345759 56676770 85034779 63819133 44933442 43277322 84531357 31971167 58516440
84636275 91299176 52853158 55521364 71183149 58192031 53354820 60617539 54656203 64017110 33286258 47650990 18292725 13014616 47700291 81065801 23766493 83148772 50739067
59863572 75643039 43211957 9254999 61835914 15305995 23491662 70632827 54523180 19910670 64861101 26150855 22026591 66036202 66758986 23265958 65447906 87041632 49741114
66337792 68435625 31012738 29045204 90837634 60192592 33104281 60828932 91603742 9592987 89259373 79715994 48006415 29142058 56209480 40217464 30014007 74455733 58060819
58153154 3738562 50326643 44352621 39420546 78923193 5178480 19866833 68903527 49322665 60355327 62305790 3885992 46777178 74245931 39449500 92770270 46237611 48870102
51097385 55838315 60219892 76845711 22481881 22168189 15061311 58545967 57821825 87692324 86796239 55652819 16058391 50032476 64760026 43669573 41185176 62573504 94051121
