19
1090519 77215195 77211954 5763541 23007755 81465257 6584447 44307383 59519331 9995779 10809797 10002342 8630392 55872958 1043687 16431353 11839438 6420119 1116172
5392041 7604577 58167923 24276796 30174711 19550391 15021258 4569282 8051695 44818765 33006366 87063678 3649428 68384041 406151 5000476 6245246 82222665 8329974
11097073 59044407 49229317 19946344 10725687 17525456 9811343 4170352 7605045 15092999 23643315 53704282 42626837 41147150 16987528 17376303 27734386 5356727 10021298
2900744 19560327 1984122 53188628 3130376 10566301 8357853 3867834 22186107 3097971 25385772 22432574 18578662 25974576 709693 11565350 18794479 906549 85499277
6357282 85959666 12441292 51630053 18181163 4982149 26173163 20747246 20425032 76246 5977536 18066445 58736332 48487425 42155500 1794702 8222457 69585735 45341061
38768395 26062631 3628480 814831 62953359 16781622 46719862 41857292 36100836 15240258 12230176 899275 39392890 4214893 1724222 41209039 42058093 20914736 49087272
12878484 2400288 6883524 11122172 10510777 1809147 31215860 69284357 8355306 81493780 33106109 63274745 4918080 43274182 7401181 14757692 20719683 3503136 106680
55600902 10782994 86063924 11808958 2249551 12417463 39498823 14374889 12580334 50068949 66857829 21400154 8929784 7514890 26481097 31768870 352970 49773492 51272835
33872478 9662920 12110458 30105697 45191374 23118701 2637124 9739474 6063039 21210831 31789716 61889090 2565643 11548234 57183274 17081001 13673179 9772110 542718
12151344 44585781 2394317 3770979 18562502 30362212 2142014 30628685 1142395 44444468 24779839 13476935 31181211 11245394 5750514 24324616 14191016 9598414 46903042
32507734 9235683 6843910 28146554 42083547 40326262 1779230 11182136 1643101 20820142 3863224 51663552 52652 4543174 35557439 36131739 21317749 5954939 48492506
12735289 3211742 31785629 15999824 34395859 24847615 57732455 8979536 6304648 28645249 57847055 25430014 10771177 16242837 28153817 15351837 32308551 12541019 1661702
27464427 26689964 6722093 2526490 3257660 303448 4636154 53275495 25999299 54937090 18462481 19896505 10819374 5948454 2018081 42020491 26987194 87543632 6913113
68036 5745857 8259133 68256787 23710094 4407881 18058137 27859801 7132255 39437076 32400915 11578051 1920217 35129232 7921444 2104361 13197488 49372821 26066892
9870605 69863682 60003124 3489444 19665314 34078475 29587120 16854042 22415010 13844435 12692347 20076156 29339122 28587334 41016765 1147357 11409223 9476884 23023697
6307707 23272385 16959075 2127941 53308227 5543811 32628192 4611912 30477164 45005964 586476 35590912 85637788 78699142 23316909 40754381 6799426 51841116 9914227
22158830 34005901 3779788 23554911 21647223 13954 2218983 11545733 52570477 8341036 39110844 4150003 5975231 978595 38672296 34795871 7982365 14227146 45494835
1725217 31222821 19087320 7355686 28390439 938515 19873563 32954007 47021186 8940050 10031248 5300636 43479246 22327964 11599906 69221571 3364328 18118861 3521233
3220136 3014472 50779464 24892718 13766457 15374829 18816392 4098898 3513862 1339565 21899949 10754277 1222410 59065158 30777222 28585969 81184 37014482 42822325
