19
7540401 6890467 11920333 361544 149414 4653373 10575430 45319809 8675937 35887864 32897623 57413303 529977 76326290 18198029 34821134 72868 20536339 26315807
14811743 41128239 3154909 49221812 23049633 1724414 19045919 302772 37110253 14181504 229905 2221605 2308177 25832675 3973049 14990906 2760588 41959 10554411
10114630 3800284 3741841 25921949 4269139 476613 2330639 17538354 14914215 14644922 90466951 84761362 45717024 22434728 35861823 3777539 23852044 5425990 20900625
55934021 21074809 3072833 8194315 22803064 23243909 43896727 1010516 22063912 56937182 17929380 21353267 53274242 55472071 11227139 10073158 63570376 19115279 483811
62573493 14025747 37743901 9343512 7408024 53062537 7532872 58602098 23610169 71906393 22281176 512815 3014565 51080316 5303166 4434585 65951368 20140521 6829812
39833290 3053321 16709736 5448595 19889050 9561491 23184831 68415307 43991009 685181 65612254 2849340 17348450 37715335 5420012 6371189 14240915 75551239 358486
52751668 68592926 46126332 1183129 37472383 7958775 38091636 14010921 2200494 4559597 78713667 2144852 54152906 1955777 59073299 2885545 4073634 22289473 755332
41289794 49993661 16300222 40548418 17403757 17727570 50178201 1787052 32516463 86548084 35868695 13118062 8276839 78784518 19799150 4603879 9045741 26555375 49334973
7235829 13030586 8443119 42727360 5965232 37501068 27209395 46131691 31641573 23084220 60033552 4820486 84062120 3178262 3428862 33782102 22037986 15501899 440608
16757684 26745588 28165761 25585186 61325926 26921699 10125883 610143 8643120 172639 13746857 19085716 1163802 13467550 1999165 590131 809635 16112291 62487413
51207031 53573756 60085097 10051804 22838041 7100190 14102908 69549478 31538402 29142831 72452546 12942721 7039355 31136020 70358761 9077815 37975883 66791136 7013308
69033862 9399439 461066 42585478 7697549 29649838 34492198 46908806 11462057 2996907 39144926 9542067 24250470 36670137 44930348 17135203 15243777 2983949 34803916
7379241 26048424 8930119 7637380 16982496 15098634 61651131 52953715 11075337 13054928 11774953 14195731 7686215 24868513 283296 15351338 63442603 8765911 58598273
6754503 13356217 2871149 15690910 3351134 20476521 10044083 66410398 1811142 21865419 10462074 6371796 70847430 6826281 53088107 1743860 28227407 21375596 17546312
21520395 13147526 54248169 9150606 43187980 37523716 47675225 24590859 42073495 36382107 61948861 5073149 31664696 29614934 11075844 43834069 5908448 7688971 885940
44606506 18808928 17312068 19462491 14007714 41526545 77692936 23157937 5366218 1466960 24027382 84940322 54614096 22054240 81638629 32003381 31967094 45512869 3244706
1918268 16369438 28472252 52762219 7799574 18648507 13967575 63137143 37724000 58722083 5678969 19398863 26002 8973844 9453093 39895149 20155820 46133294 24436737
1902742 5774171 50014678 68371943 10490367 6712604 10035871 7907456 8486595 20011353 1382154 69974813 22689610 31086739 30555637 1285477 36710824 6307195 6978031
5501201 28910726 58565009 44968061 144217 9060684 7656684 64968727 23734068 45151798 68569498 47001864 13962502 12433619 37578502 11580552 16622932 37173930 50886276
