19
1865912 98968 292675 1340737 38139815 4675294 24273821 26589980 6273326 32091605 25346 25292127 27324676 14348548 30548790 2483117 47479470 33026151 385856
36951495 19005941 15354640 47831007 276469 11076745 58965 677125 426253 15772988 11295972 1643164 4785527 61758075 21880847 8869516 26002857 5490519 8739391
1256488 1307052 12469132 1705428 58334380 2222102 30274609 52245250 34650990 78821 8938740 8323629 55623366 365789 23704707 4586000 5619705 10332244 4374877
2775676 15965240 1430498 9092754 9294950 14969 859562 34113594 7853938 9560495 48538010 12491593 775347 15099798 10846325 878681 579754 1979365 976952
56897148 15234177 1164293 3666203 1618106 426342 810699 26154522 26666583 15733070 12300292 9222345 13491103 451653 18840204 257753 412577 37515624 1575903
7362398 21073748 1581286 6078263 5284962 1677022 35691388 569021 4901737 9443492 13016032 2461122 7584378 2013592 23175664 30840612 4294606 5122610 10342165
35720969 2859179 57449232 11978465 1179943 5568601 33654810 169279 102544 18509667 2664452 32657623 10325747 1009648 10659822 39978318 978462 39190857 1334370
91698875 21804511 1596340 2729873 8632855 653717 698709 12359229 1638350 8508753 6572066 62515589 18506782 7138265 1775491 2220566 356452 28190566 16732141
18903344 2496638 13490038 24796178 9481522 5513298 17806298 554359 290617 2524895 953267 9984188 191676 1208159 351872 2294906 12193055 74152 39640
41499896 44627862 1583203 890349 9066077 55876379 19855954 273265 17546909 5224383 336794 335779 216799 9801613 9515034 7963130 2376905 363670 22795777
54057392 34788407 8219830 9042197 17801191 20272 1800917 1738338 5106938 2072895 24701762 2821376 5015376 5928190 5265644 40183985 15826110 15895499 16095689
1118681 159504 1303279 317260 4804508 1283 5564717 3051505 49286038 220423 6184513 4553644 4548448 2803995 7972121 15419056 5141779 43341145 10378546
4707031 36079856 30442213 16191455 26999081 15740330 29180154 1676156 33886518 34752832 884641 47786666 11798827 28652115 21190773 1544872 3267561 10500089 9562868
967663 5757634 18882529 23748648 1009780 7704717 3237963 113893 56607774 592104 3423942 19252130 542383 20535590 3989866 12911949 24034072 21705881 4147032
3492021 2369484 32980384 16729977 11352459 36435662 18164136 3698722 7587516 535607 3174177 9816115 4073292 4583122 2954378 13034140 23974875 67120 9382437
1143201 49661456 2110328 1709323 60611749 63713780 3670174 24613631 15137755 13945077 1074515 1423405 4189957 1774922 2828277 13723223 5196113 1235060 221975
2070635 15593923 730987 3069887 60835644 15830637 2558172 11346437 13260487 30454485 24087236 2187561 1812488 46303496 5679660 6160820 100663 5598621 43619252
4510031 25061525 11612722 7702783 1595841 13952596 33938429 441 6493076 50759581 49402647 36471684 209846 723849 7652623 628458 8261603 580350 20273292
5871289 52470985 1646532 9613146 7444756 3493712 8636132 1646466 59088763 2139579 43817877 42108703 13013628 13968856 892463 19800287 27099287 24708415 7247516
