19
8042705 288843 1942044 3715301 2017581 10121959 73508 28421 1923288 60594 182702 160933 9788628 3940569 30681973 1450413 11930493 3480416 1831751
273269 5068496 6374515 6367357 1987898 12160210 11608057 1033897 24966979 3507363 2046515 4240580 4887374 3786026 31908490 741828 2159582 215860 14726
2178587 7010237 10355 26717697 444127 8287904 22037586 569096 5664994 16910371 964712 1825716 1362807 2253302 656454 1806839 172699 54691 586632
742404 10658340 4885948 281959 24283030 127532 459304 138241 2606996 3801483 42026685 1934892 21678676 6950303 6524029 4026635 1314816 13470272 41260
22566051 2577 565294 8560117 575 43790 7231979 3160235 11001393 6141124 1535068 2116044 4033018 2105941 798280 209865 668970 337735 46687
6516087 24869981 1687739 18108688 43187 1412006 576501 637323 2587998 2558106 3016910 1164219 8112074 50057 440965 369915 17467839 2106380 1385952
856857 178640 16604 328778 11149066 55508872 300329 435180 1386646 21335074 777784 5248945 2586645 2054713 5664609 115032 475986 3231558 470933
1059045 198777 1299098 11563728 6478398 2638159 41109 591377 16392 5830021 24212882 1820389 332977 28571439 13550607 17754573 1030947 2812083 5138175
453568 374729 3253074 3162 257153 295092 581157 383780 468770 6856442 52247057 1280178 361727 452294 3741877 1288266 10989056 7510551 6667925
747789 35054365 4879837 1822355 7602345 6134712 4843 27067536 1283871 5168387 868140 17550 2588882 4376947 1899930 1392817 12531746 15580942 12890181
576123 1618423 31951 240801 6847622 5748471 1355063 552359 9823763 155253 58059910 24318893 448361 14936457 30347671 7982360 748991 1610244 4868252
293104 509702 3274656 4927601 3718078 4066268 4216 2399959 10966080 2596598 742273 42262330 369252 299250 5532663 11654943 2614399 410940 979516
22064770 5713498 1747394 5370233 17942352 19325 57062 447770 2442572 10344553 33408 14304700 48005862 3440587 24759486 2058480 8642386 1450274 3927972
57521 1729061 3517383 3303166 4926115 904395 1083811 4021202 13704415 23647869 1512667 337132 6087349 3234582 21455 10997037 12792905 7496213 168289
271338 923970 6668103 143909 1587862 4892 2291429 873468 80831 801283 369923 13080422 8044374 2296789 2517562 2382250 315260 5613481 275841
13356954 639012 2564612 5872922 2991033 5944 1556914 2206019 11447926 4472344 4286357 1946 8647286 3412752 27103684 741979 7745434 42275 6639667
57777098 811819 3588322 2223026 26986637 9207427 2446989 25766825 2466827 133017 156017 990353 31979 7730412 9243175 819 9211243 324394 2113530
14074087 83869 785086 98473 6420713 13601586 3639677 660663 3522866 4907616 474530 9550545 84237 2057047 539614 1261629 890707 5905115 5019915
8485077 708316 4095299 7920105 1117986 8577 77470 47758 59542 32124824 396921 4571334 666552 2414108 930778 845580 2789653 6440638 1097779
