19
99999844 99999410 99999999 99999895 99999991 100000000 99999841 99999969 100000000 99999991 99999995 99999996 99999175 99997285 100000000 99812568 99999855 99999523 99998570
99986866 100000000 99999986 99999989 99997488 99999999 99999993 99998472 99999790 100000000 99998581 100000000 99999999 100000000 99999890 99999988 99999999 99999989 99999998
99999999 99994048 99999694 99999996 99999869 100000000 99999983 99999312 99971665 99999617 99999936 99999995 99999971 99999999 99993313 99999884 100000000 99998695 99999999
100000000 99999537 99999140 99999987 100000000 99999995 99999971 99996993 99999994 99978379 100000000 99999998 100000000 99999931 99999994 99999487 99999981 99999750 99998154
99999927 99771584 99999852 99999693 99997811 99999990 99990456 100000000 99999646 99999883 99999999 99999995 99999992 99999800 99999874 99992690 99999824 99998264 99999744
99999731 99999182 99999424 99999829 100000000 99999985 99999989 99993772 99999958 100000000 100000000 99999844 99999964 99999999 99998983 100000000 99999952 99998688 99999954
99999953 99999862 99999882 99990167 99999642 99992158 99998535 99999709 99957664 100000000 99999617 100000000 99999962 99999958 99999986 99999411 100000000 99996531 99999992
99999997 100000000 99999878 99955442 99999862 99999938 99999724 99999991 99999919 99999958 100000000 99997796 99991414 99999971 100000000 99966522 99999886 99999953 99992709
99999989 100000000 99999783 99973257 99999992 100000000 99999987 100000000 99999859 99996226 100000000 99999999 99999548 100000000 100000000 99999995 99999972 99989537 99999629
99999913 100000000 100000000 99999701 99999855 99999949 99992575 99997542 99999958 99998423 99999990 100000000 99999733 99999983 100000000 100000000 99999999 100000000 99999862
100000000 99998996 99999067 99999658 99999881 100000000 99999994 99999913 99999960 99999988 99999665 100000000 99999895 99999772 99999912 99999996 99999472 99950981 99999658
100000000 99999955 99999974 99999968 100000000 99999991 99999796 100000000 99986324 99999778 100000000 100000000 99999901 99999994 99999846 99999997 100000000 99994628 100000000
99996602 99999964 99999987 99999997 99999942 99999870 99999999 99999991 99999996 99999968 99996499 100000000 99999992 99999966 99998909 99996558 99998166 99999582 100000000
99999353 99999997 99999999 100000000 99999184 99999535 99999984 99999978 99999999 99999906 99999999 99999466 100000000 100000000 99999153 100000000 99999996 100000000 100000000
100000000 99999731 99999947 99998817 99999996 100000000 99999935 99999997 99999868 99999955 99999997 100000000 100000000 99999991 100000000 99999996 99993590 99999890 99999997
100000000 99999978 99999993 99999881 99999982 100000000 100000000 99998734 99999995 99998551 99998792 99999482 99999999 99999741 100000000 99999965 99999978 99999960 99996312
99999940 99999983 99999125 99999932 99997783 99996754 99999581 99999996 99999539 99999882 99999999 99999443 99999956 99999370 100000000 99999003 99986999 99998907 99999994
99999332 100000000 99990034 100000000 99999891 100000000 99999591 99999963 99996604 99999966 99999789 99999991 100000000 99999992 99999982 99995630 100000000 99999997 100000000
99999315 99999277 100000000 99999995 99984720 99999937 99999898 99997184 99999767 99999973 100000000 99995325 99999958 100000000 100000000 99980422 99999976 99999839 99999705
