19
100000000 99999994 100000000 99999999 100000000 100000000 99999997 100000000 100000000 99999876 99999988 100000000 99999042 100000000 99999998 99999968 100000000 99999982 100000000
100000000 100000000 100000000 99999997 100000000 99999986 100000000 100000000 100000000 100000000 100000000 99999999 100000000 100000000 99999992 100000000 99999985 99999988 99999575
99979394 100000000 100000000 100000000 99999982 100000000 99999998 100000000 99999984 99999991 100000000 100000000 99999987 100000000 100000000 100000000 100000000 100000000 100000000
99999998 100000000 100000000 99999985 100000000 99999992 100000000 100000000 99999988 99999743 100000000 100000000 100000000 100000000 100000000 100000000 100000000 100000000 100000000
99998797 99999999 99999977 100000000 99999630 99999986 100000000 99999926 99999887 99999999 99999969 99999996 100000000 100000000 99999960 100000000 99999990 100000000 99999998
100000000 100000000 100000000 99999968 100000000 100000000 100000000 100000000 100000000 100000000 99999996 99999999 100000000 99999988 100000000 100000000 99998028 100000000 100000000
100000000 100000000 100000000 100000000 100000000 99999919 100000000 99999980 99999952 100000000 100000000 100000000 99999977 100000000 100000000 100000000 100000000 100000000 99999997
99999999 100000000 99999999 100000000 100000000 100000000 100000000 100000000 100000000 100000000 99999993 99999996 99999989 100000000 100000000 99999995 99999987 100000000 100000000
100000000 100000000 100000000 100000000 99999995 100000000 100000000 100000000 100000000 99999991 99999986 100000000 100000000 100000000 99999983 100000000 100000000 100000000 99999953
99999892 100000000 100000000 99999998 100000000 100000000 99999999 100000000 100000000 100000000 100000000 100000000 100000000 99999998 100000000 100000000 99999999 100000000 99999948
100000000 100000000 100000000 99987424 100000000 100000000 99998673 99999968 100000000 99999997 100000000 100000000 99999997 100000000 99999998 99999984 100000000 100000000 100000000
100000000 100000000 100000000 99999967 100000000 100000000 100000000 100000000 99999999 100000000 100000000 99999998 99999957 99999980 100000000 100000000 99999056 100000000 100000000
100000000 100000000 100000000 99999993 99999998 99999882 99999994 100000000 100000000 99999955 99999980 100000000 99999831 100000000 99999997 100000000 99999989 99999969 100000000
100000000 100000000 100000000 100000000 99999991 99998816 99999993 100000000 100000000 100000000 99999987 99999997 100000000 100000000 100000000 99999997 100000000 100000000 100000000
100000000 100000000 100000000 99999972 100000000 99999968 100000000 99999997 100000000 100000000 100000000 100000000 99999435 100000000 100000000 99999968 100000000 100000000 99999868
99999599 99999994 100000000 100000000 100000000 100000000 100000000 99998273 100000000 100000000 99999999 100000000 100000000 100000000 100000000 100000000 99999901 100000000 99999948
99999991 100000000 100000000 99999917 99999965 100000000 100000000 99999998 99999952 99999993 99999232 100000000 99999997 100000000 99999999 100000000 99999999 100000000 100000000
100000000 100000000 99999999 100000000 100000000 100000000 99999991 100000000 100000000 99999999 100000000 99999901 99999999 100000000 100000000 100000000 99999998 99999995 99999994
99999936 100000000 100000000 100000000 100000000 100000000 99999787 100000000 99999998 100000000 100000000 100000000 100000000 100000000 100000000 100000000 100000000 100000000 100000000
