19
2 12 7 1 1 1 1 1 1 480 1 1 1 3 44 1 3 1 2
1 2 1 12 10812 1 159 1 1 1 6 292 1 58 1 3 749 1 1195
1 12 2 1 13 1 1 2 1 1 1 1 1 1 1 1 1 1 1
1 4 1 95 1 1 1 1 7 1 1 1 107 39 1 5 1 1 1
1 1 1 2 96 1 1 1 33 1 1 1 9 6 1 119 10 1 8
1 1 1 1 7 2 330 1 1 1 1 1 1 28 1 1 1 1 4
1 1 23 586 463 1 1 3 1 1 1 1 1 24 3 1 1 2 1
1 4 1 1 1 1 242 1 1 1 2 15 1 1 33 1 1 1 1
25 1 1 1 1 4 688 23 103 1 1 144 182 1 1 45 1 1 4
1 1 10 4 1 1 3 1 1 1 3 1 466 10 1 8 2 53 3
1 2 112 2 1 1 3 1 1 1 2 1 1 1 1 1 3 34 1
2 1 14 1 31 1 959 2 1 1 1 7 155 1 1 1 1 112 1
21 1 40 1 1 11 1 117 1 59 125 979 1 11 1 1 1 12 15
1 1 1 1 2 66 1 1 25 1 1 1 1001 21 1 1 8 1 1
3 1 53 1 141 2 1 1 1 2 167 1 1 60 1 1 1 1 3
1 1 1 17 2 1 186 24 7 1 2 5 4 1 1 1 1 2 6
1 1 2 1 70 4 23 9 7 1 1 2 1 1 4 8 1 1 1
1 2 23 20 20 1 1 1 1 11 1 1 1 1 1 1 1 1 34
1 18 2 3 9 3 414 1 935 1 1 8 16 1 1 7 13 1 1
