19
583 3 1 1 38 1 4 40387 7 2 11 10 6 3231 7 110 30 28 21
5412 20 1 1 80 80 8936 54 745 1 273 132 3 2 2031 21891 27 31 219
149 9 257 20 9 9 33 6 7 3 1632 21 1232 5908 318 126 145 38148 1
1 6 32 1323 12 30 18 1 1 4184 1 4 2162 170 1 156 21 4 22
28 1 58 660 9 6357 8 26 1 2 33 805 70 1 585 3673 1167 12 479
1 1 804 2970 1 27 13 28 8 63 11 160 5 170 6 1 63 212 5
1 87 119 85 423 9 204 2 2710 1 2233 2 28 2 3 302 4078 1 1458
57 1 1 66707 105 7 87 65 117 3047 9323 1171 28 2 8 6 1 1 22
16 3 133 125 2 87 453 112 1 6772 1 16509 131 1 1 1 31 2 687
1 20 662 1 541 12 6 7 7185 28 210 1 4 48 2 9 3 120 153
60 18 6 119 804 96 4 1 1 1 1 4200 26 15 10 733 10 1 314
14233 10 5756 9 2 139 2 50 403 1 26 299 1 3310 49 1 2 467 1
10 18615 3 353 1 1 1 12 1325 66 3 5 1 78 1 77 1 187 1
1 1078 1 101 49 2 1 804 1 3 1 50 21487 154 1699 13 15 1 1495
44 639 1214 1 46 3 1 2 6868 8 336 1 12 59 35 314 5 1978 18
105335 40 4 59 13737 2 3170 42 3 4 1 3 1 132 69 380 1 1 243
144 977 12974 23 40 5060 866 927 309 5 624 17 759 295 1302 244 5 320 22
1 138215 1 984 2234 17682 43 1 1 1977 894 43 1 21 35 1 4 167 9
321 45 58202 1 170 40 3 50 1 7355 158 1 56 256 100 2 199 1 6
