19
4469 130 35204 998 31 57633 42667 2360 9376 2702 9701 8111 197789 11436 25974 31 3273 4120 3237
24845 126 96110 63309 45 20898 672 10290 956 43798 205242 25532 9119 353308 2553 2157569 21717 2411 41
1263 45438 3276 14250 91944 1853 6273 80513 41410 16 5556 2003 63954 194451 2551 102 609 350 1359
41409 32029 10274 120140 268240 16211 54 6128 15472 366436 7239 7296 1208 8436 747 25923 14977 4 1949
94 52195 7629 44937 2664 593519 100085 212 91812 43857 507 61991 16983 687684 22951 634507 1761 21210 69261
190 1760 375 7038 40292 1190837 34675 4 196618 73807 96598 902 670 387544 4 5406 6899 5002 23332
751 195852 259113 99536 349 3874 11135 3178 157 398 10713 3662 256929 77 42469 121542 3 35896 428694
77 7 23025 158664 42843 168 283 2654 190 3802 77024 749679 47654 642009 17760 2032 17079 70 18076
59642 364 55789 72234 66546 77 18563 36 305 1098 99968 2157 11322 2550 223968 232 9148 1 2423
47267 397922 1083 2465 3829 6 63182 18955 79164 111771 68538 41856 84216 39620 5872 113727 679857 1168 1949124
104 3 76 11748 14016 733 20414 3 6503 260522 191388 500715 1812325 4444 1608206 67 21653 62132 304
972 117260 56259 218 1300 165 25 15390 97 163746 87187 6097 309586 30 148318 110203 15 6727 1892
5443 14 1352 2350 1181882 631584 18 10959 6203 2233 1580 43076 184 9 10557 11 24742 56043 12077
2613442 7703 13 160 231 59777 159986 126635 196530 21223 7493 70 151 2270 154659 1523 310 112125 1097
317 11234 5757 293 42 1355 10473 22210 62008 241312 6153 1216085 840 2269 36073 129638 328 5808 89
1567335 105882 5772 2433 535 2 46 9755 17 344 1988 787 117637 65 440 7295 15089 1239 3031
1042 395 1403 19448 22086 7030 131813 55 15931 34332 2829 4840 61272 17 448 1603 1128 1198 3034
6010 35425 483 281862 126213 4346 1213 25914 189 9 53 235 186242 812 4426 1 58645 1 40915
12306 249 1184 217350 713 5034 160101 43174 59550 268 136913 44366 123130 4531 3978 56594 62926 1426 2573
