19
64529384 50084593 74821915 53018301 34062305 61308941 75128711 36927512 26650024 22885468 50844335 17588689 69570265 40333961 69512490 28578329 51450021 83987814 61046572
57012179 38590378 50698514 39965056 40621338 51034084 42820460 49512634 87284475 84517092 32335235 90949528 68441430 75113221 55305977 17485482 43357279 58333179 70456017
82287510 29312635 45380881 82912569 19241085 72314323 76186452 73496054 50577302 17285680 60307206 51753103 73700076 20718963 24415018 38278891 50094875 55700612 94618654
64717139 76039397 88687940 54522032 50016420 29050180 44153794 70008673 65595211 62857348 69751599 35167931 34821505 77074526 94373620 14236728 51210865 88429900 42550700
36311850 17568106 96483642 53742982 65611666 41299851 47502598 70027548 49209332 79343835 34659768 66356285 60786870 63999619 8009575 46950663 53538321 25932114 61495444
56551379 33695754 53685039 47774690 30127396 53895121 70073961 78040546 55117579 89432569 44318326 27047412 53232638 73619781 45074475 63440947 27942507 3849990 45981274
48717300 46798671 47664001 31726132 67553200 46979802 30097768 51078010 38897222 65101464 34723167 40110727 78117087 67772265 34334991 82799067 74028641 75814998 62632387
30819090 51886643 69502851 5834013 53502694 74823162 35180515 38662228 57919781 58629573 11012211 53897662 33372649 42225784 66170252 79781792 76170149 6918372 63129847
56986080 67257845 32994999 63161914 12649620 39398610 56667300 60345123 5485061 80583736 53783850 42129020 16865251 60043353 46597105 60044702 56889248 34832829 68408066
52928123 75993977 20023068 75177930 23696790 309567 24055848 86949445 57027429 13388482 46425555 18835608 13765676 71592842 48779103 68928150 45764508 63479642 58810122
24607031 27789856 59362503 52367184 50098492 47280583 52215242 16347410 73189942 8269731 63737888 72440146 32717336 73326259 38290667 35185232 55341866 62514278 37348365
48369105 66641235 54433818 45045966 19339368 38597026 68022772 3533985 60946536 77983055 27201561 25110509 49602291 55134305 61393513 74023141 84898895 81244009 28227788
37179682 29989780 48744238 95379187 41919632 55569972 41077791 51560526 58971978 69283378 52048920 2553824 30478889 50817496 49316862 75920003 25186919 87174848 66374472
60658462 63810124 54187960 74551400 37882643 62101858 45016137 54151800 56016061 39256379 23775509 25652372 48579436 48783591 50207215 56396038 59614190 41120419 86349150
49310985 21327151 83818347 34577075 24439962 53750385 78700709 38124998 65907269 22799460 27027729 92176444 74431386 70603530 64851863 43864457 85523022 14464569 56431396
69568674 21997742 36286489 56196897 12174020 81534369 84883960 25449153 18642180 18333484 64615306 27751687 32718757 79411046 42917705 36190937 74446498 45358177 52579555
33495340 22595815 73196947 72101066 40393465 36491430 68032104 47954530 59940905 49333576 53220961 50453570 32630894 66249467 45491702 37216662 16071230 50381854 54943387
29943836 78918251 46632708 32012940 61383667 35711798 40241864 61929516 51589583 65593645 64194118 90762585 58233728 33414819 40066970 50342511 55771881 41023337 72567518
42627447 76041144 79757270 78987058 31864997 59534753 66355484 23020764 28706648 28505166 70026745 3156045 37174760 51608720 47284677 75895842 36984898 31773605 36402126
