19
68408748 53896656 37638887 56124294 75547546 47431884 97722143 58848001 75361210 93755404 80604127 68438482 24819485 65979335 48728384 64183373 67546643 77492847 60251933
61320475 87421304 56492713 42511536 42813149 76996112 75763800 90079708 85979226 52772401 77605717 75481499 82056153 84267182 43983023 78788159 22650704 70748818 46892439
85875347 95163516 87159884 83193372 42965102 58394950 82155035 96728614 73968434 78157090 58285124 80724704 88343139 99270128 96444196 66879118 62639939 96641467 68008213
49465781 57187503 69132968 39642393 72002178 36940716 84954724 85216322 83935873 67484172 70262020 77827730 51094514 72563560 76729907 95163694 88858195 70604965 87370637
53193809 74493131 60435620 51546206 37703338 56533139 55730128 44855596 82991235 47216617 43633573 80101736 72517288 55883463 52938283 69920515 92021096 78983093 79490213
41089211 86982316 95963547 67806184 71349306 76786600 83550829 69360968 89214669 87361784 86127548 66499348 55722930 83804534 78430152 75804697 55344420 45558979 78124446
65179969 68404114 71822930 82960817 51820352 92498054 87457961 69152384 87009054 81718622 53966662 93225493 66523207 94490845 63096375 90960162 74218178 77242809 76092708
74977221 53043726 77826604 60998222 57650539 80502930 87844242 54769948 89445088 91046255 48419635 54901215 89699227 71314230 96854471 83112139 66703502 79441450 77848666
75302444 74107153 86517369 72072681 68234882 44699217 65952898 75318819 87583214 51874628 72394779 91512180 67825677 64346825 52975962 16021064 56820354 70036711 87133864
74974180 89582314 74378130 85934614 69254978 49667756 70865096 50648940 69627123 74885219 66057533 65902009 77407833 70017466 54769586 34163282 93086645 75526146 68472730
80337132 80723748 64035515 16208958 85489993 65538472 80962454 83987026 41492761 82614444 68901486 61548032 58209972 66582535 79349548 80846775 92450581 59814490 57489950
81154147 86037317 71272159 72828104 35445505 83050780 67182626 89737825 73276231 86117212 79994565 95188373 84902456 75459574 72922089 88461386 75887354 81716671 47932128
77669087 35388023 61108834 60581192 44127027 64077868 69712743 75113804 85033456 57075239 68215882 28302186 75589965 80881812 92991585 12842597 74925601 65403694 38658804
60039497 78463305 41819332 98100499 76367376 70610895 90040192 60205619 42375813 72348025 92774657 67211725 51437801 45241025 70613667 83162038 38364972 63530499 85079068
89738105 62917417 64234817 66069137 73362664 73520259 97997818 82474441 60407602 55674770 92362872 86764922 50172562 71815435 57262432 43255506 86836979 74141522 93213079
73151740 80202033 85333754 57070133 89334637 42096922 90780656 95556805 82287629 50590502 32826537 66969653 65260191 75100575 93632276 81266757 92216328 79457116 92434917
68641448 55123688 73504226 29085667 87726396 72140392 62871641 86851754 41060947 97886319 80831313 91581110 86241397 54306596 88067633 74372181 78543761 69437384 43862196
68256247 79521138 85079765 68712493 71650056 93882947 44734066 36486907 59905506 36215057 67716141 8997858 80212989 56853018 87223195 56781726 89611139 82351754 53733282
62935443 68742774 78450642 84924804 67459992 85042755 67856338 75977159 46599876 72594321 85875658 40701324 35950590 54049483 47445986 58967064 69542972 79107672 44607740
