19
76833338 48867884 32792733 45287503 13211880 37771413 33767496 28437655 70021840 50295182 23610499 58835186 61624826 52273188 74024250 61192535 62368144 36650490 21457897
26688125 54338984 39340392 39548961 18986810 75238818 64908907 27544632 64552691 37702391 46955880 56973116 45163390 65625401 65197364 33513220 29476177 47236286 22894113
20121878 52311626 51391619 51263592 28227493 21251977 55448071 44586490 44833956 45651556 6882533 46475314 4644196 43422867 50503866 41251852 35702806 39874701 8946445
43601388 39749064 14827764 11084192 64285156 12439099 32154366 9656847 83360095 44495506 46799896 57314738 25633985 65512244 60827139 32077031 63216693 57538003 49932835
11552000 69836032 42126237 41350168 52708448 76606551 56998692 69907141 45068793 48842603 47666283 42124442 40723155 34594040 56531979 67666612 44820515 69976195 62423158
11807702 24724684 50311450 9705458 76201202 20602568 45112666 24353426 3475374 8219216 78091614 32657332 49389369 31528793 86254380 45761431 84896983 36527433 27234492
38578250 60325788 61819339 15806344 48021406 35814991 56608864 41755465 74638611 24858315 91060728 83184889 21796185 26790802 61313769 66615596 37881069 77176390 31888297
45925536 37454686 66727790 38906200 34357728 61830920 28172616 35541779 21942936 53480497 48660177 59957023 27414651 49229173 61365064 45492929 17124260 28465983 23801828
41272235 40910355 80591614 31535683 37750001 41024780 65291228 21392241 40093183 35986940 53807998 35860390 40345432 68859080 65142312 47015679 77681598 31094318 46909906
19951159 43625556 43699824 47689408 72429131 40959084 33020300 49760551 39285551 74668556 27016590 60909256 77114531 51801276 41615407 71824386 63467627 28018161 86711100
36747599 18296351 59508581 26650878 57434046 1207088 50871530 14722146 59250667 46845322 21840832 32085156 61038317 60235590 26976726 86947766 33930686 52466611 51732225
56358202 35388619 50374724 19770762 74081940 52569855 60148754 2101313 71992912 47143288 32538102 86115101 20950904 45402237 38155942 17342063 77179875 43352787 54684582
64716840 15642636 47063583 57783565 74552073 61895714 67635535 10409848 88691326 57694990 25619110 57699565 68866264 37310360 15424522 44279763 46709194 66086199 75557480
40548382 33098701 48042167 54574247 67168077 35380099 87289642 35583265 70946208 39454179 47811888 76954319 21719754 43369616 45799948 73864579 15881668 49425696 22384067
36666473 43533016 25908736 28755337 38115763 79435621 53040979 81156218 18370875 53557050 59176823 7655616 42107410 72839801 20014591 32061911 78579645 44068468 33127534
80401717 37310546 39448690 19432287 50998092 5949014 64133109 58540747 55976598 74019782 52521613 55826387 46763984 32899799 61971458 66673173 21987846 33571565 14376550
60145990 72507805 22713659 58507853 69597320 39608366 18085915 30003041 32399932 42025502 31065815 13480377 46288073 56548636 76357297 65958328 45500627 6324675 39788497
23295326 83699685 40427497 81616555 67023032 64549978 65107891 60771442 24760784 40346967 60460333 37801605 56043729 15078662 3145491 78240456 50943639 26773991 24796030
27284331 34394007 63335698 41670149 38866964 30451524 28509703 55866581 13622184 45232292 37211817 20882477 51826473 50750365 77467788 36577253 73445047 37571687 47603228
