19
23797570 11408719 39888474 21356450 56006725 44668830 752130 7660212 51881036 7009220 58592963 77636449 31321117 20786736 27603490 61372067 39384967 62723114 24383134
23209083 18424839 77346043 20671765 58530773 25612556 42476803 47509766 24110376 23242821 33189385 22242393 28515018 46272067 5804012 50381730 21731152 83313747 9025237
16618657 41016576 3753705 23786291 46619820 47827684 40193848 49978910 34118020 9068282 2795809 54703675 30114707 23622615 11074412 6681818 66890881 79928411 20395658
16846845 65450705 60238630 10436027 14767006 60628670 53301643 9108539 19370257 17308486 12903280 21267643 63766717 21152772 30867187 28983754 5596606 21099058 56507274
51119108 73092595 24842060 18001490 26046667 20704345 20448969 45344369 41286565 25904160 77121267 53191194 35142618 23467402 25134984 51918750 38000916 46880655 64509099
13828161 59462029 20589147 15719016 47207184 57056827 29548716 15644775 80540233 25808072 7140746 29121106 13172006 17177422 53192843 10830052 19518499 58331376 23391716
24953906 40314237 42240281 13478056 8158186 29111490 9636546 75802835 30087251 66502677 6378577 31589168 35272927 37183678 66910064 48867000 81374978 63242650 17320117
9640888 13467141 43417597 10802854 44948943 60813570 20983281 37435735 49275167 36779612 35559177 38293658 13311461 32980399 39592665 57820887 50393729 13679221 41112030
95080854 59823440 8914587 30250450 42180130 28924645 60253459 6385674 23388346 30269913 33646233 19970693 30061210 28603886 39331728 67103340 21985453 9654215 32374551
3234814 40650620 29865014 14675916 61303197 63337699 11560806 1160457 34270615 44681189 24786792 65876992 56473970 54089247 43610773 70091251 20689258 49142077 65387210
39696752 42658059 83863153 52397913 5257238 58941367 23349136 37470336 18495762 18063684 39837250 47035141 42118742 21957632 28136710 15772558 51538440 37116146 26790110
8791493 61666398 26327249 80994360 5545897 79903074 33235010 37625716 25039594 49669787 7452420 61413628 50387362 22736511 26205516 50258258 19777256 26915867 48027265
80873382 14784553 27871254 35063895 21397773 59423004 79955864 20898623 30996696 69867469 28250459 35030309 57540223 33495812 17843360 23942392 11491811 42876422 63056494
67297611 37521950 20259494 68772947 14206061 20295476 31427028 25289728 16494788 50275042 11202651 13018259 3383699 66712291 5893195 22227814 39718349 69860417 15847097
5094197 12540259 46855797 37544169 1528375 814890 42997507 86437357 19229782 68819147 10045484 19516950 21284940 30472937 29997169 24392286 84571734 45947083 14991428
61345931 43945228 12560155 56833744 9708134 61595698 33084023 23567018 21924554 45521335 8434893 21015512 24549836 52171058 39011041 12202516 11294032 9099943 35418193
15085565 65206657 42952200 88799267 26026294 32051764 37518102 36944266 62173477 47898886 79562818 31967476 15106671 64002481 32132627 30321657 39747009 24815631 39722352
55693662 48232665 68454971 46387113 22296704 88838371 31905814 52002358 20695127 54901467 48606912 45945665 53003086 61175292 74488970 50238918 32470514 27594479 83233856
28317194 12952925 29007025 35688691 61108176 22041181 35410596 60720877 44180480 42025649 29454394 30221179 24522257 3523126 59345885 61247694 43957087 56422557 22572444
