19
99999005 99999134 99999100 99999145 99999717 99999005 99999211 99999009 99999013 99999091 99999019 99999024 99999022 99999026 99999003 99999072 99999114 99999278 99999446
99999009 99999003 99999050 99999164 99999097 99999172 99999413 99999000 99999098 99999206 99999012 99999158 99999061 99999044 99999062 99999040 99999147 99999051 99999062
99999038 99999146 99999794 99999190 99999005 99999010 99999043 99999002 99999057 99999011 99999117 99999009 99999037 99999034 99999011 99999072 99999177 99999282 99999056
99999030 99999023 99999007 99999001 99999029 99999173 99999125 99999000 99999025 99999515 99999077 99999020 99999010 99999000 99999074 99999052 99999001 99999008 99999292
99999052 99999012 99999000 99999067 99999306 99999006 99999181 99999002 99999038 99999213 99999009 99999329 99999043 99999214 99999014 99999273 99999044 99999070 99999086
99999087 99999038 99999017 99999001 99999001 99999037 99999131 99999027 99999033 99999069 99999042 99999034 99999319 99999080 99999069 99999104 99999093 99999065 99999402
99999273 99999236 99999046 99999064 99999092 99999067 99999504 99999332 99999159 99999384 99999089 99999000 99999037 99999054 99999015 99999050 99999197 99999422 99999006
99999205 99999034 99999046 99999224 99999019 99999460 99999002 99999238 99999013 99999037 99999093 99999165 99999039 99999319 99999202 99999141 99999204 99999022 99999002
99999019 99999136 99999001 99999568 99999104 99999034 99999043 99999091 99999612 99999000 99999167 99999172 99999140 99999067 99999078 99999077 99999052 99999075 99999005
99999014 99999000 99999001 99999019 99999024 99999039 99999197 99999009 99999041 99999004 99999012 99999015 99999290 99999025 99999118 99999000 99999017 99999154 99999005
99999001 99999079 99999070 99999060 99999103 99999357 99999126 99999153 99999126 99999089 99999111 99999014 99999000 99999002 99999162 99999037 99999163 99999275 99999114
99999686 99999000 99999320 99999017 99999007 99999143 99999002 99999012 99999197 99999133 99999017 99999047 99999299 99999098 99999019 99999084 99999044 99999075 99999436
99999120 99999063 99999031 99999324 99999120 99999005 99999217 99999185 99999102 99999275 99999006 99999001 99999231 99999000 99999059 99999009 99999187 99999043 99999028
99999010 99999481 99999148 99999117 99999234 99999008 99999047 99999419 99999185 99999030 99999001 99999036 99999616 99999192 99999280 99999031 99999227 99999452 99999221
99999005 99999217 99999428 99999016 99999065 99999253 99999003 99999167 99999004 99999017 99999114 99999047 99999150 99999006 99999039 99999005 99999167 99999040 99999010
99999115 99999031 99999011 99999024 99999382 99999033 99999130 99999034 99999054 99999000 99999020 99999142 99999062 99999059 99999144 99999036 99999216 99999056 99999209
99999156 99999087 99999091 99999135 99999002 99999309 99999124 99999052 99999009 99999000 99999195 99999024 99999441 99999049 99999413 99999043 99999088 99999192 99999213
99999028 99999050 99999085 99999039 99999199 99999044 99999035 99999254 99999117 99999029 99999053 99999089 99999269 99999182 99999012 99999317 99999067 99999043 99999013
99999041 99999061 99999457 99999316 99999061 99999017 99999250 99999128 99999014 99999048 99999018 99999025 99999287 99999130 99999031 99999036 99999180 99999472 99999005
