19
99991342 99991859 99990021 99993374 99990130 99993977 99994945 99990145 99990367 99994351 99990816 99990037 99990159 99992159 99993196 99990043 99990140 99991989 99990468
99993112 99991402 99990230 99990434 99991669 99991069 99990585 99990984 99990068 99990969 99990539 99990105 99991223 99990971 99996559 99993512 99990383 99991874 99990922
99990680 99990163 99991407 99990784 99990618 99990790 99995370 99990700 99990658 99990718 99990038 99995964 99991366 99990132 99990931 99992255 99990032 99990058 99990790
99991998 99991816 99990007 99990672 99990378 99991697 99992059 99990491 99992683 99992390 99990040 99990373 99996140 99990386 99990476 99992593 99991080 99992358 99990547
99991896 99990298 99990095 99992785 99993615 99990120 99990933 99991927 99990202 99990611 99991263 99990744 99991883 99991657 99992676 99990002 99990066 99990701 99990568
99990293 99990260 99990843 99990283 99990639 99990217 99990489 99992041 99990288 99990236 99990874 99990543 99995212 99990299 99993059 99992206 99990109 99990011 99990770
99991261 99993403 99991371 99990431 99994758 99990199 99990523 99990341 99991738 99993168 99991031 99990343 99990099 99990123 99990013 99992409 99991495 99991672 99991216
99990491 99990090 99990705 99991972 99991384 99992452 99990161 99992494 99990160 99990189 99990035 99992379 99990475 99991461 99990432 99990431 99992123 99991190 99990813
99990587 99991193 99990301 99990040 99990544 99994818 99991416 99992891 99992217 99991094 99990007 99992910 99991685 99991932 99992080 99990003 99990073 99990165 99993827
99990859 99990800 99991642 99990344 99993668 99990754 99990029 99990455 99990011 99990716 99990160 99990142 99990812 99994489 99990772 99990384 99990210 99990006 99990471
99990067 99991444 99991870 99990976 99990364 99990118 99990123 99990861 99990101 99992755 99990331 99990690 99990680 99990036 99996516 99991861 99992209 99993506 99990878
99991785 99990234 99992589 99990016 99990288 99990209 99990673 99990965 99990424 99994116 99992970 99990036 99990639 99991165 99992267 99990851 99990458 99990543 99990119
99991749 99990022 99991921 99990278 99990744 99991352 99992358 99991820 99991389 99990494 99990541 99990224 99990078 99991279 99998033 99995324 99990413 99990178 99990197
99991589 99990604 99992684 99990182 99990885 99991420 99990189 99990470 99990161 99990610 99990529 99990205 99990539 99993883 99992926 99991345 99990034 99992679 99990344
99990441 99994507 99991909 99991023 99991045 99993290 99990175 99990488 99991447 99990356 99991524 99993500 99990731 99991441 99990163 99992387 99990366 99990659 99990097
99990022 99990488 99990322 99991069 99990060 99990170 99990662 99991527 99990103 99992705 99990236 99990098 99990242 99996613 99990204 99991906 99991249 99990432 99990205
99994998 99990035 99991002 99990156 99990860 99990803 99990031 99991669 99990012 99990051 99992250 99990449 99991254 99990151 99991801 99991478 99990748 99990025 99990070
99990358 99993009 99991790 99990036 99990858 99990612 99990882 99990670 99990833 99991382 99992303 99990237 99994017 99990041 99990157 99992126 99990737 99990005 99993265
99992775 99990070 99992170 99990022 99991137 99990158 99990632 99991590 99990123 99990007 99992914 99993207 99993926 99990052 99995254 99990036 99992628 99990347 99990600
