19
99993558 99991914 99990033 99991719 99990033 99993928 99992111 99992648 99994072 99991444 99990021 99990403 99990075 99991641 99991588 99993254 99993119 99992821 99990173
99994334 99990067 99990561 99990681 99990133 99990498 99990698 99990071 99992925 99990843 99990380 99990169 99990887 99990063 99991328 99990377 99991486 99990444 99990258
99990077 99990310 99990117 99990205 99991796 99995367 99991786 99990030 99990603 99990025 99990194 99990810 99990027 99990022 99990688 99990524 99990041 99990645 99993865
99992032 99994122 99990393 99991152 99998427 99995328 99990499 99992231 99991309 99990196 99990055 99991183 99991716 99990282 99991114 99992661 99990638 99990149 99990135
99992146 99990290 99991108 99996418 99995963 99990007 99994254 99990228 99991989 99990143 99994632 99990154 99992696 99990576 99990221 99991173 99990564 99990631 99990941
99993273 99993764 99997003 99991348 99992603 99990713 99990036 99991890 99990059 99993533 99990335 99990724 99991021 99990012 99991043 99997258 99992568 99991517 99992033
99990658 99990090 99990356 99992207 99990018 99990198 99990560 99991675 99990270 99990002 99990948 99994748 99990551 99991672 99990632 99990370 99990836 99992307 99991670
99990005 99994993 99990825 99992579 99990694 99990914 99991559 99991034 99996256 99990306 99994828 99990284 99991387 99990012 99990618 99991093 99990379 99993537 99990762
99990606 99990425 99990097 99990007 99992778 99992605 99990593 99990003 99991058 99993715 99990768 99990676 99990095 99993863 99990531 99990180 99990089 99995835 99991180
99992275 99990016 99990107 99990257 99990371 99990388 99996529 99996980 99993294 99990582 99990437 99996178 99990234 99991709 99990233 99991700 99990073 99992529 99992762
99996788 99990650 99990046 99991183 99991896 99990148 99992003 99990091 99993837 99990576 99990001 99991377 99995157 99990147 99991036 99991907 99990850 99990252 99993638
99991686 99990941 99990705 99990713 99990861 99991306 99990022 99990004 99992716 99993015 99990537 99990443 99992627 99991342 99990324 99991921 99990378 99990237 99992098
99991931 99992017 99991042 99990184 99991801 99991358 99990669 99990097 99990438 99990182 99990045 99990059 99990070 99991074 99992673 99990126 99994756 99990247 99991549
99990257 99990031 99991373 99990076 99992966 99990158 99990493 99990330 99995151 99991226 99990957 99990255 99990367 99991189 99990076 99990935 99990153 99992328 99992238
99991754 99992353 99994401 99990111 99990112 99991440 99990529 99990498 99991739 99993753 99990462 99990122 99991467 99990108 99990136 99991219 99992480 99991140 99990522
99990654 99990337 99993157 99990346 99990419 99990239 99990269 99990553 99990413 99990914 99991295 99991275 99993325 99990097 99990760 99990836 99991972 99990255 99991097
99992106 99990011 99990622 99990942 99990407 99991153 99993099 99990940 99990374 99992932 99990944 99990304 99990536 99991817 99990054 99990112 99990657 99990322 99990311
99991083 99990016 99990041 99991547 99992070 99997655 99991554 99990033 99991384 99991508 99990202 99991250 99990222 99990088 99990296 99990360 99990243 99990029 99990301
99990026 99991049 99990090 99990526 99991498 99990630 99990828 99992915 99991268 99990046 99992371 99992485 99992431 99990200 99992522 99990780 99993574 99990099 99991184
