19
99993339 99990968 99990028 99994845 99990108 99990503 99990004 99991187 99991307 99994035 99990045 99990002 99991090 99990853 99990205 99990247 99990110 99990307 99990053
99992113 99991540 99991729 99990400 99990967 99990620 99990501 99990563 99991466 99990808 99991411 99991196 99990513 99990395 99990001 99991120 99990132 99993980 99991576
99991119 99991680 99997384 99992912 99991491 99992836 99995560 99990483 99991931 99990231 99992027 99990812 99991831 99990809 99995201 99993454 99991264 99992541 99994549
99994350 99990052 99990057 99992161 99991584 99990208 99990226 99990204 99992375 99995225 99997076 99990044 99993501 99990026 99990070 99991587 99990238 99990221 99998518
99991501 99992141 99990664 99990982 99990041 99990527 99990443 99990440 99990086 99990117 99991353 99991476 99992409 99990577 99992601 99990639 99991426 99994122 99996231
99990590 99993380 99990545 99997140 99990086 99990573 99990395 99990212 99992636 99991066 99990143 99990017 99991639 99990046 99993230 99991497 99991077 99990428 99990580
99990991 99992356 99991040 99990107 99990123 99991340 99993856 99991795 99990889 99990013 99990499 99991993 99990026 99990559 99990058 99991881 99991642 99990906 99992105
99990089 99990108 99990070 99992664 99991035 99996400 99990428 99990963 99991940 99994695 99991324 99993884 99990972 99991462 99990309 99990714 99992393 99990278 99990304
99993967 99990741 99991193 99990309 99990630 99990077 99994761 99990146 99990216 99990541 99991771 99990250 99991983 99991367 99990943 99990536 99997778 99993854 99990493
99990034 99991821 99990026 99990012 99990051 99990023 99990174 99990649 99990393 99993411 99990861 99990706 99990048 99990689 99991424 99994532 99990528 99991457 99991486
99990135 99990374 99990192 99990086 99994525 99993228 99990468 99990855 99990770 99990193 99990861 99990017 99992085 99993561 99992420 99990321 99990052 99990951 99991564
99990133 99990839 99991027 99990009 99990013 99990124 99990973 99994984 99990347 99990027 99990047 99996234 99992050 99990011 99990355 99990425 99990074 99994911 99990010
99990442 99995847 99990392 99992869 99990125 99993043 99990869 99993618 99990650 99990377 99990475 99991619 99990868 99990127 99990107 99994147 99991064 99995666 99990370
99990208 99990646 99990260 99991229 99993661 99990113 99990112 99993089 99993295 99990545 99991449 99991477 99990154 99992917 99993683 99993462 99990450 99990064 99991128
99992207 99990997 99991868 99990615 99990649 99994578 99990373 99994159 99990991 99990597 99990106 99992900 99990257 99990742 99991820 99990424 99990380 99998051 99990654
99991358 99990308 99993108 99991300 99990972 99991051 99990163 99991110 99991321 99991784 99990868 99990592 99990014 99992878 99990718 99992981 99990164 99990354 99990184
99990777 99990400 99990003 99990393 99994627 99990336 99990832 99991011 99990074 99991548 99990008 99993977 99990917 99990714 99990344 99992127 99990075 99992362 99993779
99990411 99990373 99990005 99990719 99993096 99992672 99990489 99990050 99991620 99990040 99991651 99990062 99996236 99991754 99990109 99990369 99990032 99990264 99990479
99990021 99990044 99990146 99990831 99990002 99990141 99990963 99990427 99990103 99990377 99990117 99990351 99990043 99990051 99990310 99991429 99990050 99993617 99994000
