19
99990002 99991714 99990199 99990025 99990993 99990818 99990570 99992124 99991374 99990548 99995844 99990922 99990241 99996548 99990661 99990235 99991055 99992100 99990449
99990166 99991047 99991270 99990828 99992451 99990951 99990157 99992368 99992809 99994102 99990170 99990329 99990323 99991353 99991576 99990122 99990065 99991807 99990054
99993059 99991696 99990571 99990434 99991434 99990012 99990973 99992287 99990186 99991143 99990698 99990442 99990548 99990348 99991276 99991637 99991937 99993729 99990714
99990117 99993232 99993731 99994405 99993821 99993023 99991162 99990147 99990463 99990132 99992527 99990185 99990379 99990046 99996843 99990023 99992286 99990861 99990179
99992825 99996192 99990051 99990126 99990025 99990147 99991503 99990120 99993045 99990372 99990087 99992036 99990618 99990137 99990015 99990080 99990411 99990434 99991087
99992014 99991050 99990297 99990800 99990044 99992198 99990511 99991120 99990036 99990418 99990190 99990485 99991205 99990422 99990671 99990898 99990323 99990392 99990550
99990983 99990328 99995489 99990984 99990449 99991422 99990570 99991284 99996623 99997513 99990336 99990078 99991275 99990070 99991157 99990019 99991145 99990878 99994574
99992577 99990746 99990544 99992611 99990327 99990163 99991160 99990278 99990434 99990593 99992601 99990408 99990163 99990011 99990314 99990309 99991891 99996329 99992685
99998467 99995306 99991002 99990194 99992516 99994050 99990013 99990061 99993457 99990021 99992416 99990004 99993490 99990008 99990224 99993571 99990182 99990630 99990021
99990474 99990076 99990280 99990032 99995223 99990171 99994371 99990623 99991620 99990209 99990647 99990342 99990001 99991239 99991097 99992062 99992889 99990767 99991270
99990387 99990414 99990170 99990639 99990168 99995127 99991286 99990604 99990132 99991016 99993341 99990112 99990133 99990083 99990089 99995899 99990269 99990241 99991817
99990410 99990598 99991525 99990002 99990056 99990210 99990994 99990587 99990377 99990602 99990000 99991257 99991020 99991201 99992019 99996418 99990182 99990200 99990064
99990193 99991324 99990298 99990728 99991915 99991256 99991012 99990052 99990001 99990123 99990314 99990061 99990052 99990671 99992166 99990051 99990182 99991208 99991185
99991491 99990867 99990152 99990543 99991579 99990136 99990871 99991907 99990206 99991339 99990038 99990424 99990536 99990584 99991557 99994787 99992178 99991600 99990340
99990068 99990040 99990917 99993137 99990903 99996021 99990055 99991739 99990517 99990024 99990322 99990191 99990727 99990554 99990011 99990000 99990127 99992669 99990247
99995514 99990563 99990640 99990090 99991207 99992250 99990108 99991211 99990014 99991443 99990643 99990006 99990290 99990448 99990687 99991237 99990817 99990132 99992417
99990102 99996071 99990175 99992061 99991850 99990061 99991767 99990136 99990755 99990397 99992033 99991231 99990371 99990321 99994956 99990073 99994109 99990483 99990000
99990158 99990064 99990238 99990614 99990750 99990454 99990639 99991284 99991256 99991442 99995013 99990692 99990018 99990139 99990301 99990255 99992752 99993176 99990029
99991028 99990950 99990084 99992991 99991781 99991253 99990279 99994359 99990135 99991693 99990065 99992700 99994396 99990633 99993160 99990699 99991248 99991327 99990772
