19
99992027 99990445 99990156 99996193 99991334 99990832 99993356 99990981 99990028 99990528 99992047 99990243 99993447 99990043 99990887 99990606 99994282 99990027 99991039
99991814 99990018 99990548 99992711 99990232 99990081 99990074 99990208 99990480 99990051 99990552 99990102 99990138 99991306 99990985 99991624 99990140 99990072 99990089
99990257 99992276 99991278 99991410 99990593 99990686 99991855 99991559 99990967 99990470 99990030 99992984 99990007 99991063 99991648 99990049 99990027 99991288 99990383
99991872 99993246 99990450 99991665 99990323 99990920 99995283 99993389 99991197 99991285 99991848 99991587 99990032 99990750 99992389 99990064 99992614 99990850 99992501
99990153 99990129 99990446 99990295 99991751 99990231 99990015 99995545 99991200 99990063 99990370 99991507 99990105 99990365 99990061 99996137 99990384 99991434 99990712
99990069 99995977 99990804 99994625 99990175 99992004 99992470 99991427 99990074 99991941 99990277 99991105 99994114 99993160 99990569 99991273 99990261 99990000 99994348
99990577 99991433 99990103 99991428 99990802 99994055 99990622 99991660 99990066 99990469 99990060 99990343 99990857 99990200 99990433 99990495 99990172 99990060 99992854
99990589 99993964 99990004 99990042 99990537 99991041 99990203 99990351 99991881 99991167 99990145 99990202 99991319 99991273 99992021 99990681 99990265 99995491 99994425
99990036 99994517 99990698 99991013 99991993 99991544 99990544 99990781 99990301 99990437 99990327 99992731 99992082 99990019 99991711 99992032 99990321 99990003 99990195
99992539 99990755 99990449 99990177 99994883 99990555 99992030 99990693 99990919 99991335 99990129 99993427 99990363 99991393 99990006 99995247 99990846 99990810 99990129
99990080 99992426 99991222 99990430 99990282 99990098 99990114 99994580 99990777 99990505 99990004 99990606 99993936 99990078 99992727 99990106 99991051 99990462 99990295
99996912 99990100 99991815 99996811 99990009 99993781 99992179 99991696 99991065 99990217 99990017 99993401 99990193 99990555 99992778 99991496 99990653 99991461 99991621
99990004 99990624 99990033 99991312 99991787 99990179 99996822 99993377 99992344 99992307 99990093 99990780 99992339 99992215 99990265 99990014 99996163 99990952 99991550
99995695 99990393 99990365 99991605 99990292 99990042 99990559 99990394 99991062 99990370 99993990 99993360 99990005 99990748 99990222 99990338 99990413 99994312 99993065
99990301 99990747 99990168 99990600 99990035 99991474 99990585 99990920 99992060 99991649 99991867 99993100 99990224 99991359 99993403 99990157 99990569 99990255 99990335
99990855 99990731 99990007 99990040 99990307 99990099 99990237 99990180 99990116 99990076 99992170 99990441 99990246 99990638 99990080 99990099 99990535 99990296 99993656
99991754 99990004 99990163 99991018 99992707 99993515 99990330 99990266 99990144 99990748 99992014 99991117 99992910 99991692 99992604 99990163 99990153 99994333 99990654
99990146 99992397 99992173 99993178 99990371 99994115 99992308 99990567 99994160 99991627 99991074 99991580 99990673 99994104 99990329 99995403 99990857 99991611 99991456
99991619 99990007 99991269 99990403 99990003 99990447 99991143 99990097 99990566 99992739 99990740 99990863 99991932 99990035 99990147 99990047 99991436 99991781 99990046
