19
99993739 99990966 99990474 99991879 99991976 99993100 99990055 99993302 99990538 99996831 99990174 99990564 99990358 99990072 99992569 99990002 99990898 99990028 99993080
99993206 99990143 99990130 99990072 99990074 99990851 99990045 99995899 99990962 99992734 99991189 99990320 99990573 99990038 99993242 99991682 99990036 99990571 99990016
99991651 99992561 99990228 99996427 99990183 99990167 99990921 99990037 99990122 99990037 99990853 99990080 99991484 99990749 99990133 99992750 99990415 99990056 99992033
99994403 99995528 99990026 99990563 99990629 99990120 99990191 99991057 99991315 99990822 99990170 99990461 99991085 99990131 99990759 99991226 99990054 99991425 99990392
99992571 99990011 99990537 99991320 99990943 99990832 99990059 99990471 99990723 99990677 99990234 99990200 99990404 99990353 99991525 99990045 99992682 99990294 99991050
99991651 99994797 99992352 99990094 99991872 99990008 99990037 99993333 99990142 99991256 99991098 99992597 99991002 99992074 99992383 99990038 99994008 99992086 99990665
99991244 99992555 99990374 99991589 99990822 99990673 99993933 99993015 99993452 99990797 99990450 99990343 99990134 99990024 99993942 99992352 99990772 99990963 99990592
99990003 99990205 99991192 99997853 99990547 99990067 99991651 99990116 99991013 99996738 99991267 99990047 99995078 99990100 99991339 99990153 99990848 99990110 99991244
99990186 99991230 99990950 99993327 99990337 99992042 99990020 99990109 99990001 99992936 99990594 99990279 99990033 99990415 99990120 99990070 99990444 99991581 99990329
99990104 99990094 99990665 99990434 99990798 99991640 99990148 99990779 99991149 99991380 99990157 99990469 99991312 99996125 99993736 99990019 99990208 99992907 99996251
99990216 99992355 99996065 99990287 99994782 99992220 99990102 99990524 99990271 99990398 99992345 99993427 99991467 99990625 99991087 99990295 99990112 99990082 99990087
99990290 99991434 99990392 99990548 99991177 99991574 99992857 99992461 99995102 99990001 99993711 99992984 99990578 99990439 99994493 99990423 99990969 99993011 99990437
99990042 99991188 99993806 99993789 99994819 99992935 99992537 99995738 99995121 99990089 99990165 99990408 99991207 99990524 99992450 99990052 99991556 99990392 99992814
99990544 99991600 99994708 99990888 99990835 99990135 99990016 99991937 99990049 99992628 99991884 99991085 99991878 99990069 99992010 99992485 99990061 99991595 99993115
99990637 99990016 99991218 99990024 99990016 99990674 99991615 99991769 99992777 99990247 99993045 99990828 99990014 99990213 99990729 99990087 99990064 99991118 99991556
99996667 99990749 99990153 99990221 99993770 99990846 99990291 99990797 99990426 99990121 99990176 99990412 99990320 99990836 99990618 99990214 99990587 99990203 99990174
99990047 99990342 99993887 99992838 99990011 99990532 99991659 99990066 99990794 99990000 99995506 99992857 99990014 99990541 99990737 99992482 99990727 99990078 99990131
99992551 99993321 99992577 99993612 99990971 99990020 99990089 99990945 99990477 99990958 99991859 99990674 99990167 99991019 99990302 99992183 99990002 99990823 99995533
99990009 99990549 99993709 99990615 99990200 99990390 99990909 99990805 99992973 99991731 99990420 99990001 99990010 99990086 99992146 99990472 99991701 99990093 99990577
