19
99996823 99990003 99991110 99990038 99991576 99990197 99990036 99991528 99990238 99990054 99990852 99990046 99990086 99990573 99990287 99990486 99990461 99990084 99991898
99990165 99991438 99991308 99991148 99992109 99991533 99990352 99990293 99990103 99990509 99992804 99992984 99991650 99990190 99992824 99990504 99990065 99992838 99990027
99990531 99990097 99990227 99990875 99990041 99990022 99990284 99990339 99990213 99990013 99990211 99991190 99990567 99997722 99990083 99990350 99992293 99990270 99991562
99990057 99990205 99992700 99990968 99990163 99991157 99994546 99997669 99990508 99990066 99992244 99990116 99996823 99990246 99990042 99998256 99993861 99990243 99990322
99992943 99990103 99990906 99991338 99993380 99993084 99991980 99990064 99995373 99993184 99990702 99990011 99991631 99990124 99990330 99990051 99994507 99990165 99992979
99991202 99991112 99991291 99991125 99990398 99990122 99990922 99990838 99991073 99991449 99990295 99992776 99990552 99991552 99990126 99993838 99992191 99990623 99990482
99997198 99990165 99990014 99991742 99990002 99991028 99992006 99991487 99991262 99990098 99990524 99990300 99991535 99990267 99990867 99993098 99995977 99990654 99990954
99990335 99990422 99993206 99990443 99990064 99990044 99991122 99990012 99990006 99991485 99990408 99991741 99990357 99990004 99991789 99992825 99990107 99991192 99990016
99990392 99992396 99993164 99990790 99990859 99990037 99991909 99990408 99990000 99990010 99990008 99990139 99990197 99991655 99990286 99990262 99990070 99990521 99990100
99992716 99991361 99990836 99990012 99990152 99990865 99992418 99990849 99992715 99990517 99990166 99991936 99990171 99990705 99993749 99990096 99990976 99993410 99996258
99997261 99995252 99990272 99991099 99990756 99993335 99995674 99990155 99990043 99993293 99990030 99992371 99990213 99990635 99990652 99991215 99990156 99990740 99990330
99993705 99990072 99991370 99991858 99994143 99990629 99990064 99990614 99990920 99992817 99990101 99990364 99990015 99990476 99990650 99990168 99991927 99990220 99990783
99991328 99993758 99990877 99990771 99991284 99990025 99992294 99994502 99991295 99991842 99990497 99990254 99990062 99992221 99990466 99992175 99990009 99992203 99990528
99990790 99992912 99990277 99993071 99990186 99990659 99990798 99993770 99990482 99992856 99990074 99991740 99994758 99990787 99990063 99990020 99990143 99993975 99991790
99990747 99990159 99990201 99990674 99990024 99990039 99992738 99990200 99992477 99990625 99990112 99990067 99991784 99990302 99990028 99990131 99996818 99991305 99990001
99992468 99991404 99990012 99990061 99992523 99990555 99990055 99990117 99990991 99991334 99990125 99990656 99995627 99991420 99990020 99991448 99990952 99991517 99993160
99990028 99990334 99994250 99994562 99990692 99990429 99990086 99990250 99990033 99990490 99993448 99990375 99990107 99990723 99991453 99995315 99990000 99991730 99990010
99990083 99990634 99990673 99990030 99990583 99991539 99990136 99991494 99991491 99990702 99992256 99991799 99990346 99990786 99991331 99990799 99993100 99990171 99991857
99990063 99990789 99992156 99992851 99990476 99993573 99990327 99990009 99990069 99990206 99990115 99991926 99990543 99990015 99991536 99990111 99990443 99990136 99993870
