19
99990275 99990008 99991796 99990728 99992776 99993398 99995833 99990005 99993120 99992064 99992099 99990387 99990496 99990071 99990092 99990669 99994307 99991103 99990102
99990129 99990860 99990546 99992097 99992178 99992174 99990396 99992417 99991238 99990087 99990238 99990938 99991247 99996077 99990029 99991210 99995141 99990229 99990048
99993137 99990407 99992522 99991404 99990033 99990828 99990091 99996500 99990397 99993773 99993190 99990016 99990459 99991943 99990042 99990277 99992152 99990422 99991929
99990067 99990160 99994219 99993557 99990975 99991242 99990528 99990154 99990056 99991896 99990413 99990244 99990162 99993097 99990628 99990058 99993220 99990258 99990016
99994709 99990341 99990242 99990080 99990276 99990262 99992830 99990401 99990372 99991177 99992181 99990144 99990542 99990423 99992871 99990247 99990134 99990269 99990680
99990383 99990329 99990026 99990189 99990011 99990845 99990079 99990209 99990084 99990158 99991358 99990051 99990020 99993818 99990005 99991164 99996188 99990214 99990699
99990034 99990326 99990219 99991785 99990385 99990046 99990144 99990353 99992180 99990198 99991331 99990471 99992013 99990903 99990428 99990035 99991168 99991441 99990001
99993396 99990067 99990134 99991843 99991629 99990040 99992418 99990021 99990004 99990503 99990623 99991825 99990057 99990342 99990263 99990563 99990118 99990520 99990067
99990030 99990136 99990229 99990551 99994655 99991615 99990436 99990529 99990399 99990016 99990539 99992588 99990308 99990232 99999067 99990826 99990001 99992448 99990102
99990142 99990067 99992922 99990250 99992223 99990812 99990092 99990028 99990186 99990094 99994433 99990002 99990116 99990059 99990010 99994050 99990149 99991686 99990970
99990731 99990077 99991014 99998817 99990415 99992249 99990118 99991790 99990058 99991760 99990505 99990662 99990255 99990433 99990270 99991367 99990134 99990028 99990180
99990284 99990520 99992523 99991118 99990183 99993174 99990132 99991410 99992790 99991957 99991652 99993197 99990089 99990256 99993060 99990122 99993072 99992869 99991366
99990867 99990186 99990166 99990087 99990493 99990042 99990567 99990872 99990105 99990746 99990463 99990826 99991885 99991346 99993312 99990612 99992465 99993031 99992288
99990230 99991121 99992628 99990247 99992646 99990754 99990206 99990183 99990095 99991394 99993524 99991041 99991176 99990014 99993129 99992147 99992880 99990200 99995626
99992945 99990308 99991278 99991363 99990032 99990116 99990469 99992761 99990868 99991578 99992136 99991833 99991140 99990519 99990496 99990040 99991067 99995753 99995933
99992095 99990453 99990105 99991886 99995843 99990630 99990436 99990551 99990226 99990267 99990205 99990107 99992586 99992613 99990177 99990128 99990872 99991445 99992895
99990164 99990137 99992653 99992965 99990896 99991840 99990185 99990717 99990562 99991118 99990096 99990031 99991308 99993012 99990149 99990098 99990461 99991654 99990020
99990368 99990372 99992386 99991346 99990286 99990945 99990010 99990806 99990766 99996237 99990423 99990410 99990187 99990005 99990028 99992007 99993481 99997939 99990101
99990092 99990075 99993470 99991295 99993208 99991362 99990812 99990077 99990030 99991171 99990039 99990930 99990275 99990427 99990908 99990255 99991143 99990178 99993746
