19
99991943 99991023 99990013 99992916 99990707 99991566 99990232 99990107 99990281 99993498 99994762 99991579 99990010 99990072 99990714 99990117 99992568 99990041 99990744
99992157 99993668 99990103 99991389 99990291 99990983 99990113 99991388 99991072 99991146 99991575 99990045 99990387 99994706 99990160 99991207 99990959 99990524 99990014
99990422 99990349 99991022 99990060 99990164 99990906 99990137 99990012 99994079 99990051 99990727 99990317 99991028 99990917 99990806 99990142 99992394 99990076 99990363
99991400 99991311 99991006 99992070 99995255 99990545 99990090 99990996 99992806 99991180 99990790 99990079 99990388 99990623 99990408 99990249 99990705 99990222 99990060
99992651 99990739 99990353 99990281 99990751 99992934 99994486 99994830 99990066 99991429 99990955 99992358 99990406 99990092 99990660 99990270 99990041 99993547 99995660
99990041 99990496 99990088 99990020 99990431 99990036 99990713 99991993 99990990 99990114 99990101 99990914 99996248 99990940 99990474 99990439 99990010 99990739 99992490
99990438 99995349 99990255 99991392 99992237 99990688 99990800 99991658 99996924 99998609 99991153 99992027 99992363 99990958 99991844 99990689 99990200 99990085 99990378
99990994 99990251 99992604 99990226 99995196 99990002 99990774 99990296 99990505 99990250 99990005 99990811 99990644 99990509 99990633 99992545 99993247 99990058 99991428
99993198 99990673 99994182 99990020 99992412 99991379 99993400 99990129 99990130 99990060 99992508 99992281 99990852 99994846 99990000 99990308 99990004 99991048 99990184
99993111 99993681 99990070 99990284 99990035 99990009 99990888 99990168 99990020 99992023 99993363 99990007 99990571 99990696 99991100 99990143 99990916 99992954 99990276
99990207 99990936 99990495 99992375 99990738 99991285 99991690 99990078 99990164 99990283 99990411 99990087 99991839 99990088 99990406 99992865 99991020 99990088 99990533
99993112 99997089 99990244 99990154 99990734 99990104 99993583 99995509 99991094 99992334 99990222 99991929 99991101 99990002 99991367 99990012 99990252 99990188 99992290
99990653 99990940 99990079 99990021 99990816 99990037 99992488 99992547 99993360 99990466 99991700 99991837 99990008 99991418 99991165 99990940 99990383 99990028 99990405
99990696 99991388 99990311 99990047 99990925 99993455 99991044 99995253 99990576 99990008 99990361 99990866 99992170 99991259 99990621 99990614 99990108 99990881 99992241
99990217 99990211 99990063 99990971 99992912 99990263 99990279 99990949 99990162 99990022 99990156 99990134 99990934 99991485 99990549 99990708 99992298 99991082 99990162
99990566 99991039 99991531 99991039 99990122 99991087 99990218 99990041 99990473 99990005 99992022 99991924 99990089 99990811 99990877 99990636 99990487 99990111 99990181
99990674 99990000 99993909 99992479 99990045 99990086 99991906 99990273 99990057 99990160 99990289 99991775 99990307 99991048 99990058 99990093 99990842 99993609 99990063
99990108 99991673 99990068 99990533 99991279 99990063 99990942 99991070 99991267 99992266 99990152 99990674 99990554 99991721 99990125 99990728 99991916 99990090 99990012
99992825 99997566 99992633 99991185 99992819 99990215 99990045 99994179 99990463 99990485 99990200 99990569 99990427 99990088 99990293 99992499 99991542 99990012 99991415
