19
99990289 99990013 99990029 99991574 99990413 99990648 99991868 99990030 99990488 99990717 99995452 99991893 99992276 99990773 99991528 99992033 99991846 99990361 99990023
99990051 99990941 99990005 99990438 99993209 99990254 99991025 99991227 99990008 99990776 99990153 99993299 99990441 99990212 99990025 99992356 99992238 99993865 99990611
99991342 99990179 99993472 99990851 99990003 99990020 99990841 99990442 99992282 99997082 99990105 99996110 99991755 99991775 99990054 99990373 99990426 99990037 99990216
99990128 99990293 99992344 99990001 99991322 99990090 99990070 99990482 99991158 99990114 99990483 99991055 99995477 99991763 99990974 99990161 99992770 99990361 99991380
99990035 99990828 99991719 99990213 99992483 99990400 99990136 99990099 99990379 99990342 99990154 99991868 99990876 99992047 99994277 99990280 99990693 99990257 99990911
99990049 99995091 99992873 99990913 99990392 99991244 99990221 99991205 99990017 99990250 99991703 99990040 99993262 99992330 99990932 99990209 99990260 99990661 99990563
99990349 99990011 99990008 99990994 99990059 99991299 99990179 99990019 99990179 99991695 99993494 99992842 99990052 99993112 99992280 99990647 99990835 99994008 99990496
99990092 99990347 99991266 99991666 99990140 99990093 99990473 99990500 99990463 99994486 99994392 99990033 99993174 99990617 99991517 99994463 99990175 99990134 99990127
99992028 99990771 99990534 99991405 99991440 99992621 99991131 99990428 99990346 99990392 99991297 99991485 99990995 99990256 99992786 99991329 99994034 99997117 99992347
99990398 99990013 99990248 99990022 99992388 99990143 99991358 99990043 99990586 99990010 99993027 99990644 99993300 99990651 99994093 99991527 99991429 99990450 99994400
99990477 99990001 99990420 99990031 99990058 99991117 99994043 99990569 99992545 99990065 99990547 99992648 99990086 99990360 99990153 99991161 99990955 99990362 99990088
99992451 99990016 99995303 99990016 99990096 99990342 99990634 99990974 99993347 99990837 99990027 99992530 99990438 99994374 99991639 99993258 99992889 99990045 99990193
99990280 99990168 99991096 99990788 99990034 99991210 99990152 99994291 99991949 99990005 99992375 99990460 99990135 99990320 99990779 99991396 99991090 99990212 99995695
99990003 99992652 99992676 99990826 99993119 99991408 99990416 99990138 99990664 99990270 99990535 99991084 99990038 99990300 99990084 99991327 99990175 99990454 99990061
99991121 99991845 99990375 99990972 99990204 99990906 99991545 99990018 99991107 99990146 99995021 99991570 99990911 99990016 99991202 99990006 99991770 99991415 99992575
99990667 99990238 99991861 99990025 99990039 99992890 99992695 99991634 99990452 99991796 99990956 99991403 99990096 99990234 99990045 99991258 99992099 99990644 99994020
99990182 99991606 99992771 99990191 99997386 99991019 99990953 99990170 99992408 99993211 99990512 99990344 99990350 99993346 99991830 99990000 99992071 99990226 99990747
99991488 99992299 99990000 99990939 99992688 99991218 99990547 99990082 99996121 99990006 99993326 99990971 99995866 99994924 99990129 99990142 99990042 99990843 99991323
99990016 99990362 99990022 99990272 99990038 99990153 99993333 99990428 99990168 99990443 99992433 99990326 99990315 99990935 99990782 99990307 99990001 99990012 99990324
