19
99990967 99990314 99990033 99990163 99991485 99991130 99990028 99991902 99990130 99990738 99990045 99990307 99990069 99990069 99990625 99990063 99990710 99995510 99991126
99990029 99990017 99990499 99990128 99990145 99992552 99990300 99990184 99995361 99994430 99990663 99990069 99990286 99995069 99990832 99995891 99991321 99991372 99993133
99991165 99990184 99990302 99990601 99990354 99990319 99991537 99990063 99990057 99990103 99991978 99992977 99992625 99990167 99990359 99996399 99990261 99990226 99991237
99990345 99990683 99990026 99990029 99990778 99992086 99990011 99990058 99992992 99990864 99991273 99991888 99990024 99992693 99995006 99990322 99990034 99992274 99990346
99995764 99992911 99990240 99990068 99990051 99990865 99991742 99990540 99991755 99990263 99990056 99990392 99992491 99990011 99990039 99990776 99992533 99991545 99992703
99990202 99992095 99990445 99991244 99990537 99991326 99990898 99991254 99992405 99996168 99991564 99991775 99990039 99991271 99991254 99990023 99990395 99990266 99992655
99991866 99990103 99990022 99991905 99990025 99991698 99994623 99996139 99990845 99997410 99992846 99990283 99991797 99991119 99990208 99991869 99990223 99995767 99990644
99995903 99992834 99990097 99991294 99990081 99990625 99996823 99992988 99994539 99990061 99991431 99995944 99990349 99993062 99990121 99990021 99990183 99990564 99990424
99990011 99990210 99991380 99992920 99990219 99990133 99990173 99990620 99990460 99991709 99990469 99990027 99993607 99990814 99990062 99990085 99990791 99990264 99990353
99990036 99991403 99991460 99990259 99994127 99990057 99990357 99993618 99990804 99991199 99990694 99992759 99990862 99990515 99991866 99990001 99992892 99990546 99990492
99990618 99990006 99991027 99990735 99990600 99992785 99990079 99990515 99993739 99990014 99990024 99990362 99990408 99991015 99992616 99990186 99990104 99993147 99991552
99990035 99990629 99990196 99990621 99992383 99993439 99991889 99990802 99993552 99991711 99990010 99990926 99990465 99990344 99990165 99990875 99992326 99990031 99991870
99991897 99993186 99994210 99991256 99992699 99990802 99991981 99990892 99990390 99990090 99990458 99991470 99991519 99990078 99990038 99990317 99991864 99992020 99990394
99991463 99992650 99990641 99993062 99990300 99990722 99990343 99990382 99990949 99990056 99990174 99992943 99990426 99990156 99990612 99991231 99990012 99992787 99990387
99990253 99990140 99991532 99991128 99990423 99991043 99991198 99990072 99990059 99990748 99995091 99992583 99992441 99992258 99990390 99990755 99990244 99991590 99993861
99991136 99990152 99990552 99992554 99991721 99997331 99990037 99990444 99993892 99990037 99991456 99993120 99990362 99990253 99990891 99990156 99990760 99990756 99992174
99991076 99993695 99991621 99992715 99991517 99990639 99990062 99994740 99990773 99990268 99993550 99991734 99990643 99990695 99991119 99990300 99991306 99992445 99990002
99990939 99991299 99990115 99991394 99991582 99990695 99991575 99990948 99990945 99992629 99993434 99995430 99992295 99990049 99990663 99993827 99992259 99990766 99990942
99990099 99990432 99990128 99990005 99994028 99990319 99990237 99990755 99990560 99990064 99992833 99994508 99990739 99990609 99991213 99990001 99998259 99990000 99990650
