19
99991887 99995796 99992175 99992667 99990096 99991787 99992527 99990481 99990130 99990018 99990005 99990020 99990963 99990134 99992773 99993367 99990070 99990317 99990930
99990052 99990602 99991286 99990761 99990263 99995542 99991248 99990371 99990032 99990252 99990484 99991719 99991735 99991840 99990043 99990917 99995135 99993658 99994954
99990715 99990199 99990337 99990096 99991608 99993931 99990034 99990787 99991444 99990212 99990521 99992465 99995652 99990441 99990094 99990736 99990441 99990218 99990923
99994326 99991005 99990745 99990950 99990175 99990063 99990167 99990206 99990330 99991057 99990399 99991791 99992820 99995213 99990572 99992584 99990010 99991941 99990090
99991016 99991277 99991365 99990862 99990077 99990170 99990324 99990645 99990454 99990986 99991225 99990271 99990195 99990689 99990563 99990380 99991541 99995243 99990525
99990285 99990921 99990050 99991450 99991845 99991689 99995142 99993795 99991883 99990001 99990640 99992582 99990122 99991345 99991324 99990986 99990038 99990221 99990095
99992508 99991221 99990870 99991057 99995600 99990247 99991594 99990112 99990738 99991602 99990084 99990611 99991313 99990131 99990257 99992654 99990014 99991893 99990119
99990234 99990612 99992781 99990572 99990088 99990072 99990776 99991716 99990586 99990403 99990087 99990756 99990086 99990050 99993002 99992072 99993452 99991285 99990256
99990026 99995170 99990068 99990957 99992293 99992253 99990239 99990305 99996097 99990077 99991207 99990204 99990161 99990010 99991450 99991433 99990095 99994492 99990860
99990380 99990408 99993876 99990001 99993096 99990535 99990142 99990610 99993567 99991330 99992506 99990076 99990361 99992091 99990397 99990349 99990872 99993060 99996545
99992448 99990463 99990811 99990148 99990991 99993253 99991709 99990002 99990087 99990356 99990559 99995155 99990208 99991090 99990657 99990000 99990622 99992320 99990439
99991220 99991143 99992650 99990725 99990139 99991075 99990318 99991602 99991608 99990440 99990011 99992082 99990990 99990046 99991113 99990007 99990505 99991447 99990083
99990237 99992030 99990641 99990756 99990281 99990095 99990109 99990019 99991284 99991120 99992439 99990237 99995977 99992883 99995461 99992149 99993024 99990063 99990296
99990124 99990347 99990652 99990877 99991395 99991455 99991392 99990013 99990197 99992337 99992312 99992781 99990001 99990285 99991140 99990053 99990677 99990797 99990091
99991430 99991369 99992960 99990011 99990384 99991374 99990186 99990210 99991573 99990024 99992003 99990876 99990645 99990128 99990045 99990295 99990926 99990494 99993380
99990721 99990137 99994199 99990064 99990068 99991143 99991486 99990007 99993965 99990474 99993323 99990161 99990540 99991236 99991881 99990989 99990273 99990204 99992095
99991197 99990695 99991907 99990631 99990977 99990653 99990057 99993292 99992464 99991758 99995308 99990124 99990691 99990440 99990052 99990445 99990859 99990037 99990100
99993846 99990893 99990030 99992598 99991973 99992954 99992326 99992506 99990592 99990952 99991225 99995070 99990020 99990342 99990916 99992184 99991284 99993192 99991220
99992994 99990756 99990133 99994205 99991818 99990280 99992483 99991492 99991960 99992046 99990002 99990654 99990013 99993584 99990346 99990981 99990186 99990183 99991757
