19
99990001 99991484 99990002 99990640 99991002 99991905 99991084 99994735 99990613 99991397 99990061 99990245 99990127 99990780 99993612 99991408 99993314 99990854 99994053
99990875 99991927 99990066 99991020 99990314 99990256 99990658 99990205 99990142 99990369 99990014 99991183 99991925 99990006 99991923 99993358 99994568 99990064 99990852
99995667 99994091 99990444 99991800 99990784 99990092 99995334 99990091 99990174 99990085 99991901 99991523 99990057 99990116 99991420 99990376 99990478 99990360 99990852
99991134 99991780 99990871 99991084 99990611 99996243 99991183 99991305 99990038 99990131 99990048 99992837 99990300 99994293 99990601 99990268 99993116 99990811 99990311
99991634 99990588 99991718 99992159 99990430 99990959 99990355 99992705 99990087 99991165 99990609 99990049 99994196 99990122 99990157 99990235 99990068 99990001 99990182
99991846 99995650 99990664 99993723 99990442 99992213 99992402 99992553 99990240 99993578 99994672 99990746 99990706 99990019 99990677 99990422 99990305 99994759 99990028
99993977 99991236 99990325 99993880 99993805 99991847 99992452 99991598 99990274 99992515 99990315 99990112 99991629 99990168 99990010 99991547 99990846 99992207 99990092
99996127 99990597 99991101 99991291 99990122 99992351 99990879 99991167 99992175 99990512 99990094 99990631 99990004 99991581 99993409 99990003 99990037 99990484 99990356
99990134 99994197 99990137 99990136 99993515 99990048 99990540 99992092 99992754 99990369 99990483 99991180 99993934 99991654 99991075 99990018 99990035 99990784 99990719
99990207 99990097 99990662 99990641 99990081 99990053 99990520 99990642 99990260 99990034 99990257 99991450 99990517 99990029 99993249 99990271 99991498 99993694 99990447
99990242 99993059 99990326 99990170 99992654 99992343 99990918 99990441 99990854 99990803 99990281 99990631 99990033 99991321 99990336 99990278 99993103 99993317 99991071
99991330 99990010 99990836 99991451 99990089 99991115 99990585 99990734 99990958 99990112 99990043 99992544 99991977 99990032 99990131 99990502 99990983 99990350 99991364
99990052 99991176 99994272 99991907 99990010 99993977 99990104 99990086 99990060 99992761 99990005 99990194 99992071 99990034 99990242 99990156 99990591 99990031 99993662
99990691 99992586 99990318 99990001 99990847 99995708 99991300 99991039 99990886 99990002 99991837 99990136 99993314 99991573 99990197 99990036 99991014 99990009 99990149
99991993 99991753 99997098 99990252 99993018 99990546 99990226 99991897 99990441 99991067 99990273 99990443 99990319 99990121 99990230 99994771 99991080 99991519 99990912
99991436 99995076 99991194 99990529 99991959 99990139 99990000 99992158 99991158 99990771 99993726 99991676 99990060 99992279 99990460 99990023 99990000 99991777 99992240
99994149 99992167 99990078 99990067 99992692 99990963 99995811 99990644 99991464 99990010 99991936 99990512 99990946 99991768 99990096 99990004 99990023 99995389 99990403
99990025 99990820 99990367 99993908 99990496 99990511 99993965 99990125 99990090 99990477 99990690 99990138 99990372 99990458 99991131 99994375 99990009 99991558 99991853
99990717 99990735 99990478 99990039 99991402 99990054 99992267 99990005 99990941 99994280 99990425 99990014 99990170 99990352 99990008 99991315 99994052 99990652 99990403
