19
99990283 99992093 99991387 99990499 99991657 99990840 99990350 99990286 99990941 99992457 99991149 99990098 99993266 99991336 99990000 99990017 99990144 99992662 99990017
99992605 99992469 99990169 99993708 99992573 99990887 99990154 99990979 99990112 99990352 99990018 99992493 99990675 99991656 99990134 99990944 99990268 99997616 99990670
99993750 99990663 99990387 99990021 99990811 99990665 99992340 99990011 99990004 99990075 99990293 99992154 99991154 99991573 99991301 99990377 99996484 99990001 99990609
99991115 99990009 99990379 99990068 99992462 99994012 99990129 99993855 99991788 99991109 99990933 99990066 99990832 99990492 99990070 99991072 99995100 99990000 99990845
99990590 99992628 99990018 99990037 99990200 99990211 99990443 99990045 99990011 99991004 99990001 99991712 99995501 99997718 99990637 99990035 99990459 99990090 99990936
99994642 99992541 99990462 99990571 99990192 99990388 99990030 99993545 99990105 99994869 99992742 99990442 99990907 99990705 99990136 99992653 99990037 99993799 99991768
99991567 99990124 99990030 99990354 99991852 99990014 99992869 99990734 99992451 99990111 99993140 99990081 99992274 99990107 99990052 99990022 99991834 99990286 99993222
99990581 99996274 99990919 99990043 99993605 99990052 99990457 99991781 99991286 99992560 99990430 99990032 99990057 99990443 99990637 99990340 99991192 99990218 99991702
99990115 99990361 99990117 99990839 99990031 99990835 99990624 99992780 99990323 99995263 99990619 99990021 99991537 99990612 99990729 99991068 99996126 99992050 99990201
99994557 99990044 99991789 99990162 99990267 99990033 99990174 99990398 99995654 99995278 99990866 99990064 99990459 99992831 99990042 99990261 99990137 99990330 99991594
99990612 99990548 99994494 99990107 99997049 99990015 99990039 99990615 99990004 99990865 99990037 99993979 99990947 99991766 99990310 99992933 99990296 99990358 99990181
99990757 99990047 99990451 99990419 99991382 99990002 99992909 99990104 99990214 99990144 99990596 99993629 99993373 99990962 99991313 99990249 99990390 99992456 99996595
99992264 99990059 99990021 99994087 99990069 99990016 99990013 99992022 99990701 99991964 99990001 99990096 99990016 99991132 99990017 99991865 99990285 99990745 99990303
99993479 99991494 99990215 99991102 99990620 99990821 99992363 99993479 99990216 99990067 99990202 99990015 99990015 99992408 99992815 99990892 99990052 99990027 99990889
99990302 99990324 99993493 99990507 99991059 99990841 99993852 99990042 99990524 99990068 99991322 99993538 99990091 99990043 99990496 99990070 99990019 99991840 99991161
99990001 99990203 99990040 99990156 99990203 99990205 99990095 99990037 99991914 99990939 99991396 99990557 99990434 99990310 99993628 99990199 99991240 99990557 99990009
99992736 99991926 99990859 99990173 99991119 99990258 99990542 99990713 99992529 99992351 99990484 99994333 99996455 99992038 99990968 99990069 99993967 99990391 99993435
99990516 99990012 99990185 99990206 99990659 99990183 99990699 99990970 99995011 99991410 99994079 99990349 99990625 99990272 99990397 99990076 99993330 99991934 99991529
99993172 99990015 99990066 99990385 99990203 99990100 99993827 99990000 99990042 99990176 99990768 99990769 99990267 99992271 99990883 99990001 99990154 99990348 99990708
