19
99990031 99991173 99991914 99991140 99991254 99990025 99991348 99990270 99990001 99993213 99990124 99990898 99993323 99990162 99993872 99990320 99990404 99990219 99994825
99992868 99991406 99991203 99990163 99990080 99990392 99993471 99991467 99991209 99990191 99990185 99994350 99990537 99991122 99990413 99990225 99990557 99991604 99991371
99993133 99990977 99990956 99990875 99990563 99992583 99991791 99991159 99990417 99992182 99990025 99990340 99990452 99991099 99991199 99993549 99990028 99991967 99991589
99991116 99990106 99992732 99990004 99997044 99990267 99990889 99992979 99990294 99991073 99990366 99990650 99991461 99991394 99990214 99990859 99990385 99990125 99990241
99990555 99990041 99992792 99991687 99990523 99990315 99990195 99990927 99991201 99993711 99991202 99991302 99990959 99990686 99991702 99990044 99990668 99990137 99991720
99990087 99993259 99996544 99991179 99990361 99992492 99990717 99990765 99991306 99995149 99990185 99992760 99991440 99991243 99990063 99990157 99990009 99992996 99994718
99990000 99990022 99990070 99992882 99990085 99990326 99990416 99990288 99990129 99993712 99990058 99990595 99990248 99990164 99990148 99991909 99990104 99990294 99990857
99992620 99990012 99990203 99990963 99992187 99990027 99990499 99990387 99990335 99990025 99992456 99990024 99990078 99990276 99990062 99994686 99990612 99990187 99995482
99993439 99990551 99990010 99990139 99991662 99990006 99990630 99993073 99990307 99991044 99990009 99992055 99991761 99991454 99990072 99990011 99990679 99994158 99991755
99993684 99991276 99991308 99990666 99990008 99990808 99990284 99990865 99990000 99990419 99990349 99990229 99990000 99991804 99990715 99990339 99991395 99990387 99990820
99991025 99990313 99992361 99993115 99990029 99990037 99992244 99992965 99992205 99990876 99990326 99990447 99992077 99994905 99990000 99991773 99990598 99990087 99990529
99990412 99990678 99994122 99990162 99991901 99991752 99990321 99991255 99990748 99993135 99991190 99991053 99990140 99990102 99991378 99991664 99993278 99992006 99990317
99990505 99990238 99990153 99990146 99990446 99990195 99990830 99990249 99990000 99990020 99990962 99990126 99990994 99991734 99990608 99990327 99991072 99995125 99990149
99991296 99994281 99990375 99996614 99993116 99990005 99991434 99990044 99990272 99990656 99990012 99990788 99992592 99995313 99992627 99990231 99990525 99990239 99990640
99992997 99991538 99990581 99996607 99990075 99993859 99991936 99992606 99991480 99990592 99991580 99990909 99991447 99990109 99990340 99991601 99990122 99990002 99990866
99992245 99990014 99991108 99990084 99991816 99990196 99990404 99991751 99991009 99990317 99990988 99990243 99990211 99990009 99990927 99990409 99990334 99994669 99990879
99990207 99991495 99991415 99990275 99993135 99990709 99990379 99990383 99990256 99992007 99990160 99990059 99990882 99990713 99990005 99991367 99991653 99990217 99990050
99992409 99993453 99990185 99992342 99990649 99991028 99994037 99990065 99990299 99991371 99990341 99990991 99990034 99990197 99990012 99990012 99990170 99990358 99990999
99994367 99994209 99990072 99990247 99990536 99990640 99992935 99990028 99990491 99991000 99990024 99991506 99990604 99990378 99990111 99994846 99991015 99990369 99990425
