19
99994267 99993331 99990416 99990384 99990898 99991596 99990527 99990196 99994892 99990002 99996145 99990524 99991070 99991591 99991199 99996316 99990290 99990828 99991757
99994123 99990630 99990014 99993288 99990195 99991715 99990821 99990262 99992197 99990098 99990268 99992925 99991723 99990039 99993013 99994416 99990308 99990623 99990507
99992853 99990033 99992547 99991568 99990110 99992012 99990343 99993463 99990667 99990374 99990267 99990008 99990254 99990041 99995750 99993761 99990107 99992057 99990105
99991449 99993611 99991025 99991665 99992361 99990819 99991753 99990549 99993806 99990002 99990054 99993034 99990038 99991321 99990645 99990035 99994029 99990201 99990646
99990105 99990373 99990028 99994518 99990040 99995569 99990246 99992649 99990325 99991096 99990580 99995307 99993011 99990459 99990798 99993227 99991159 99995565 99992640
99990054 99990954 99990030 99991140 99992437 99993716 99990281 99991055 99991549 99990069 99994428 99992611 99992036 99990075 99994349 99990117 99990071 99990048 99991457
99992941 99990098 99991541 99994353 99990428 99991305 99990390 99992284 99991429 99990492 99994908 99992032 99990454 99990367 99994979 99991428 99991060 99993953 99990182
99990615 99990222 99991491 99990202 99992021 99992862 99990576 99990445 99991565 99990106 99990090 99990213 99990042 99990055 99993349 99990280 99990215 99991141 99990632
99990673 99991016 99990345 99992015 99990021 99990011 99990641 99990011 99990783 99990639 99992313 99991966 99992880 99991904 99990610 99990055 99990441 99990527 99990827
99990105 99991855 99992230 99991505 99990497 99991043 99990512 99991933 99991663 99990427 99991881 99990021 99995751 99990554 99990018 99990240 99990526 99993518 99990152
99990609 99990666 99993344 99990326 99990259 99990317 99990967 99990119 99990510 99990408 99990119 99991343 99990295 99990008 99990047 99990172 99996453 99990288 99994055
99991469 99993483 99991525 99990041 99990015 99991188 99993352 99990941 99991900 99993414 99991370 99992241 99990320 99990057 99991361 99990711 99991281 99991397 99990790
99990601 99990590 99994121 99990225 99993894 99990062 99991567 99991714 99992519 99990037 99990053 99990759 99990197 99990166 99993879 99990389 99990417 99992724 99993115
99990028 99990363 99995177 99990056 99990016 99996281 99994539 99991781 99993429 99991731 99992122 99990210 99990919 99991413 99990003 99990939 99990015 99990091 99990297
99990050 99990115 99990013 99991502 99990206 99990022 99991764 99990035 99990445 99990036 99990053 99990982 99990042 99990793 99991162 99990047 99990351 99990364 99990008
99990092 99991308 99991108 99992520 99990258 99990267 99990361 99992098 99990076 99991593 99990073 99990059 99990165 99994690 99990603 99993626 99995819 99990532 99990214
99990093 99990003 99994751 99992973 99991812 99991555 99995497 99990267 99990344 99990050 99990926 99993931 99991071 99990354 99992690 99990700 99990185 99991056 99994526
99991934 99990043 99992952 99992856 99991822 99990458 99993048 99990263 99990561 99990658 99990051 99990002 99991882 99990178 99990386 99992738 99992119 99990079 99991666
99990286 99990305 99990275 99991988 99990107 99990003 99991326 99990271 99990474 99990735 99990469 99991585 99993691 99990006 99990309 99993337 99990152 99990586 99990761
