19
99990043 99990042 99991283 99990867 99991153 99990064 99993087 99990021 99991353 99990779 99990042 99991988 99990113 99990238 99990861 99991004 99993027 99990531 99991845
99990936 99990884 99991105 99991397 99990433 99990007 99991632 99990106 99991730 99990082 99995701 99994640 99990216 99990021 99994067 99990635 99990088 99990485 99990089
99991777 99994599 99992531 99990849 99995188 99997953 99992903 99994986 99990262 99991992 99990125 99990274 99990191 99990044 99993531 99990040 99992549 99990769 99996062
99994797 99990941 99990612 99993059 99990260 99990544 99992267 99990923 99990458 99992101 99991965 99993533 99991827 99993118 99990564 99991100 99991269 99991667 99991275
99990087 99996679 99990061 99991552 99990874 99990156 99990384 99990039 99993357 99993195 99990018 99991026 99990888 99994553 99991989 99992335 99990032 99990496 99990261
99990369 99991351 99991776 99990000 99990181 99990920 99990250 99992518 99990707 99990755 99990431 99990097 99990963 99990691 99990122 99990295 99990229 99990084 99993843
99990324 99994172 99990120 99990062 99992565 99991264 99990886 99990613 99990210 99990039 99990508 99992053 99991665 99991855 99990796 99998493 99990035 99990244 99990391
99990021 99990007 99990003 99990709 99991313 99992211 99991200 99991192 99991587 99990046 99990022 99992893 99991498 99990886 99990012 99992839 99992334 99994695 99990319
99990022 99990082 99991246 99990394 99992054 99990143 99990069 99992412 99990908 99990562 99991663 99990208 99990554 99990950 99991201 99990136 99990293 99990152 99990009
99990953 99990167 99990594 99990287 99991103 99994183 99991919 99991054 99990136 99991251 99991949 99991022 99994992 99990053 99990501 99992154 99990284 99990780 99990000
99992382 99990590 99991833 99990170 99990653 99991942 99990035 99991636 99994771 99992037 99990053 99990471 99990024 99991545 99992368 99990635 99991733 99990039 99990339
99992259 99991679 99990701 99991566 99992625 99991864 99990135 99990812 99992417 99990019 99991864 99990137 99991046 99991433 99990878 99991856 99991193 99990067 99992135
99991329 99990373 99990000 99990110 99990161 99990275 99991039 99990050 99991945 99990622 99990315 99990964 99990459 99990429 99990685 99990184 99990640 99990037 99990374
99990696 99990650 99990619 99991686 99990974 99990466 99990066 99995929 99990264 99994701 99990479 99990744 99991003 99990703 99993585 99990907 99990397 99991678 99991322
99991156 99990015 99991616 99993783 99990716 99994179 99991658 99990058 99990188 99991188 99990052 99990216 99990817 99990022 99991796 99992199 99990366 99990135 99991266
99991258 99990730 99990639 99992093 99992711 99990967 99991056 99990226 99990029 99995070 99990056 99992542 99994895 99990903 99990825 99990325 99990069 99991336 99990615
99990141 99990048 99990582 99990505 99990066 99996170 99997177 99990031 99990445 99992109 99994509 99990660 99990830 99996058 99990499 99990538 99990286 99990176 99990642
99990409 99990057 99990627 99990719 99993045 99991014 99996436 99994275 99992416 99991381 99990795 99990722 99990072 99990530 99995434 99992342 99990154 99991910 99990768
99995534 99990758 99993500 99993272 99990071 99991316 99990195 99994973 99990323 99990249 99991606 99992019 99993073 99990349 99992575 99992009 99991136 99990144 99995354
