19
99990404 99991555 99990880 99994951 99990057 99993988 99990217 99990764 99992390 99992894 99990178 99992498 99990057 99992404 99992398 99995573 99990892 99990910 99991654
99990628 99990041 99990077 99998088 99992820 99992260 99990023 99990078 99990304 99990065 99990270 99992034 99990140 99990218 99991070 99990110 99990408 99991196 99990023
99990023 99990158 99990034 99991549 99990380 99990217 99990739 99991498 99991924 99991433 99990023 99990444 99994853 99990877 99990662 99990363 99990102 99991002 99990318
99990010 99990091 99992021 99993817 99993139 99990569 99995101 99995303 99990082 99992609 99994726 99990937 99991035 99990526 99990150 99990883 99990940 99990735 99990152
99990142 99991151 99991179 99991030 99990101 99993813 99990481 99991104 99990128 99991281 99990140 99990752 99990971 99991134 99991202 99990199 99990085 99990079 99992938
99992153 99996527 99990375 99990755 99990002 99991654 99992487 99990342 99990087 99990030 99991495 99990065 99990007 99990004 99990233 99990854 99990015 99991244 99991446
99993105 99990630 99990052 99993121 99990001 99990112 99990042 99991493 99991611 99990272 99990141 99990401 99991457 99992858 99990058 99990471 99994623 99991260 99991792
99990174 99990007 99990179 99991438 99990198 99991188 99995145 99990817 99992268 99990654 99990529 99992518 99992821 99991254 99990353 99991108 99990146 99992761 99990730
99990378 99990159 99990129 99990807 99990286 99991537 99992611 99990019 99990898 99994079 99991617 99991933 99990007 99991327 99990373 99990969 99990343 99991559 99990012
99992937 99991134 99992210 99991046 99990231 99994379 99990388 99991508 99992349 99992021 99992103 99990078 99990318 99990256 99990150 99992196 99993414 99993185 99990664
99991367 99992196 99996085 99991539 99990074 99992437 99990098 99990170 99990580 99991341 99990373 99990240 99991098 99991389 99990000 99990366 99992733 99995557 99990138
99991503 99995412 99990016 99990717 99990511 99990141 99993904 99990863 99990047 99991025 99990825 99996929 99990062 99991874 99990016 99990118 99990231 99990162 99990186
99991958 99990022 99990882 99990383 99994107 99990457 99990614 99990024 99990546 99992100 99993310 99990097 99992291 99990073 99995333 99990833 99990149 99990884 99990246
99990746 99990250 99991786 99990696 99992355 99991980 99990408 99992072 99990068 99995215 99994719 99990024 99995042 99990980 99990065 99990056 99992019 99992741 99992578
99990759 99990077 99990893 99990889 99990721 99990582 99992676 99991411 99990179 99990403 99990822 99993885 99990473 99990200 99990360 99990273 99990175 99990025 99990530
99993036 99990107 99990059 99990878 99991070 99991575 99996210 99990575 99990428 99990005 99990093 99990796 99991994 99990421 99993534 99992520 99990359 99990386 99990093
99990191 99990279 99990002 99990004 99992584 99990384 99998009 99991512 99991174 99990220 99991177 99991276 99993539 99990023 99993285 99994665 99990163 99990908 99990983
99997475 99990393 99990059 99990065 99990513 99990492 99991694 99991748 99990148 99990016 99992408 99992065 99991481 99994086 99992818 99991384 99990000 99990197 99990558
99990110 99990660 99990034 99990002 99997967 99992260 99991920 99991044 99990589 99990756 99994710 99990377 99991476 99992439 99993299 99990486 99991208 99990387 99992277
