19
99994101 99990006 99990340 99990058 99993666 99992013 99993102 99990788 99990706 99990049 99990152 99990490 99991630 99992865 99990131 99992806 99990782 99990002 99992188
99990428 99990086 99990374 99990757 99992241 99990240 99993798 99990533 99990294 99991465 99990395 99990530 99992731 99990165 99990161 99990586 99991523 99992047 99990087
99993320 99993725 99991034 99990214 99990197 99990068 99995701 99992139 99990206 99990979 99991421 99991567 99990422 99990096 99990455 99992706 99991208 99990916 99990145
99993032 99990281 99991372 99990002 99991381 99990766 99990069 99990065 99993323 99990678 99993191 99990800 99990396 99991468 99991280 99990320 99991236 99990446 99990020
99994122 99990003 99995830 99990182 99990337 99990977 99990224 99992844 99994564 99990441 99990746 99990088 99990127 99992031 99990635 99990405 99992747 99992143 99990430
99990148 99994444 99990525 99991578 99994308 99991854 99991036 99990309 99990279 99990418 99991137 99990185 99991389 99991841 99993615 99992204 99991822 99991239 99995364
99990937 99990890 99994579 99990035 99994055 99990961 99990631 99992022 99993509 99993832 99990027 99991678 99993559 99992165 99990270 99990000 99990903 99998567 99990093
99990292 99991983 99992241 99990105 99990014 99990089 99992046 99990180 99990984 99990367 99992174 99992107 99991966 99991453 99991501 99993430 99990047 99990037 99993938
99990164 99991011 99990438 99990057 99992941 99990612 99991733 99990173 99990004 99992187 99990155 99991196 99990370 99990343 99990228 99990370 99990257 99996276 99990036
99990040 99998337 99991545 99991039 99991277 99991138 99991534 99990565 99991918 99990450 99990624 99990118 99992178 99992367 99990080 99992785 99995724 99990017 99994808
99990038 99990694 99990392 99991890 99990253 99990107 99990144 99990846 99990012 99990819 99991530 99990860 99990328 99990171 99990599 99992567 99990045 99990043 99991029
99992466 99992934 99990650 99992893 99991844 99990952 99992426 99990209 99990067 99995101 99993768 99991626 99990462 99993165 99990362 99990120 99990491 99990353 99990010
99991963 99993197 99991131 99990418 99990364 99991570 99990515 99994166 99990234 99992211 99994195 99990013 99990373 99990116 99990678 99990542 99990369 99990469 99990232
99993096 99990146 99990001 99992055 99991645 99990045 99990663 99990106 99990025 99990091 99990005 99990568 99991670 99995923 99990306 99993804 99990040 99990257 99991028
99990404 99992223 99992777 99990399 99990351 99990415 99995320 99990309 99990421 99992101 99991705 99991047 99990116 99990016 99996963 99993991 99991316 99990690 99992273
99992036 99990108 99990319 99990284 99990150 99990401 99991903 99990063 99991872 99990890 99990312 99993502 99991611 99990111 99990512 99991602 99994910 99991134 99990793
99990749 99990287 99990276 99990416 99990201 99993899 99991094 99990765 99992548 99990994 99990053 99990660 99990029 99993315 99990290 99990344 99990322 99992185 99990008
99990451 99990166 99990457 99996614 99991346 99990045 99991478 99990361 99990729 99990262 99990691 99992507 99992683 99990398 99991889 99990145 99991360 99990597 99993283
99992050 99990664 99992780 99991211 99990978 99991457 99990289 99996177 99993439 99994666 99990268 99990418 99990243 99990777 99992007 99991166 99990454 99990103 99990928
