19
99990170 99991881 99993313 99990288 99990068 99990136 99990652 99990371 99990692 99990242 99990038 99990863 99995380 99997300 99990501 99991597 99990877 99990095 99993348
99993088 99990280 99991258 99990747 99990620 99990402 99990467 99990114 99990620 99990643 99993154 99990020 99992055 99995691 99991489 99991266 99991913 99990000 99993954
99990389 99994325 99990300 99990533 99991505 99990478 99990042 99990230 99990000 99993065 99990226 99990038 99993538 99990527 99997257 99990355 99990701 99991064 99990217
99992809 99991226 99992511 99990021 99990008 99992698 99992102 99991806 99994798 99990203 99990992 99990061 99993107 99992255 99990051 99990302 99990530 99990042 99991294
99990002 99991744 99991237 99990428 99990396 99990645 99990159 99990125 99990091 99990518 99992660 99992682 99990472 99990504 99990019 99990383 99990372 99992523 99993498
99990219 99991625 99992376 99991580 99992224 99991329 99993449 99991698 99990118 99992596 99991665 99990146 99990018 99991084 99991017 99991369 99990407 99991465 99990260
99992303 99990085 99990555 99990059 99990850 99993611 99990114 99990630 99991465 99990835 99990596 99992653 99990244 99990037 99990229 99991171 99992447 99990000 99990122
99993545 99990508 99993408 99991273 99990019 99990818 99991018 99994069 99990033 99991473 99990590 99990003 99991606 99990215 99990347 99990567 99990642 99990237 99991944
99991556 99992643 99992115 99991972 99993999 99991423 99991702 99990054 99990058 99990052 99990989 99990804 99990004 99990037 99990341 99990934 99991212 99990571 99990651
99990705 99990014 99990747 99990132 99992038 99990004 99990078 99990080 99991834 99990044 99990834 99990821 99990419 99990593 99991092 99991596 99990041 99994563 99990068
99990559 99991223 99995269 99991519 99990754 99990100 99990126 99992425 99991874 99993509 99990291 99990346 99990182 99990317 99990017 99990026 99993914 99990963 99991892
99990330 99993797 99991114 99991566 99991619 99990669 99990842 99990002 99990183 99990142 99993536 99993160 99991206 99990116 99991577 99990899 99990590 99990018 99990188
99990750 99990348 99991312 99991626 99990204 99990312 99992591 99991335 99990077 99990569 99990562 99994081 99990329 99994024 99991017 99990543 99991270 99990324 99990260
99992493 99990888 99990545 99990002 99990352 99990123 99993710 99990013 99994505 99991138 99990109 99991475 99990189 99990147 99993535 99990115 99990068 99990849 99990900
99990573 99990116 99991940 99990002 99990406 99992382 99992366 99991933 99990314 99990250 99992394 99990020 99990495 99991103 99990507 99990022 99990107 99990459 99993364
99990036 99990348 99990313 99990231 99990785 99991332 99990169 99991366 99990298 99990192 99990039 99990270 99990205 99992370 99993066 99990024 99990556 99991107 99990320
99990031 99993296 99990239 99990023 99992520 99990058 99990055 99990145 99990818 99990610 99990022 99990319 99990999 99990329 99990085 99990046 99990686 99990629 99990008
99990051 99990830 99990249 99991664 99991122 99990385 99990019 99991536 99990559 99990186 99991891 99991842 99993496 99990112 99990655 99991270 99990103 99990956 99991370
99990376 99992047 99990038 99991289 99993022 99992612 99996852 99992307 99991073 99992939 99990124 99990471 99991785 99994641 99993044 99990369 99990138 99994063 99990230
