19
99991314 99992506 99990939 99990141 99990034 99990002 99990283 99992821 99996046 99996199 99992220 99990061 99990585 99990095 99990000 99993403 99990118 99993933 99991037
99990020 99990577 99990741 99990031 99990843 99990078 99990273 99990000 99990063 99991735 99990103 99994719 99990277 99990011 99991021 99990220 99990865 99993114 99990212
99991193 99990520 99990006 99990277 99990007 99990132 99991756 99990653 99991269 99990681 99992131 99993125 99990355 99991790 99990548 99991040 99990152 99991854 99990070
99990004 99990000 99990088 99990001 99992644 99990049 99992781 99990396 99990251 99991326 99990016 99990074 99990182 99994711 99990268 99990212 99990144 99990462 99990300
99990862 99990313 99990837 99990494 99990042 99991708 99990348 99995326 99990899 99990161 99990175 99990508 99992541 99990369 99990002 99990255 99990660 99990128 99990007
99991128 99990483 99990449 99990294 99991533 99990007 99990255 99990020 99990026 99990646 99992533 99990898 99991585 99991351 99992921 99990027 99990178 99990123 99990257
99991458 99990360 99990138 99992412 99990220 99991991 99992108 99991896 99990076 99990997 99992375 99990378 99991452 99990161 99990009 99993071 99992236 99991065 99992563
99990073 99994718 99990554 99990018 99990051 99994177 99990243 99990150 99990602 99995027 99990475 99990101 99990251 99993914 99990296 99992157 99990087 99990677 99991285
99990033 99990192 99991711 99990313 99995581 99990445 99990882 99990339 99991762 99990291 99994472 99990026 99992786 99990154 99993110 99991608 99990202 99992849 99990076
99990001 99990117 99990201 99990048 99991128 99990394 99990816 99993002 99990770 99994827 99990012 99991354 99990555 99991825 99990203 99990359 99990020 99992395 99990537
99990331 99990491 99990007 99991725 99991922 99996720 99990045 99992171 99991490 99991092 99990371 99992348 99992831 99991015 99992684 99990632 99990007 99990232 99990535
99995320 99991127 99993193 99990139 99990888 99991318 99990566 99990135 99992356 99990127 99993294 99990026 99991893 99991472 99990092 99992024 99990138 99990129 99990452
99993801 99991324 99991920 99990007 99990479 99990058 99992002 99990294 99990288 99990073 99990135 99990099 99991853 99990133 99990424 99993414 99990755 99991210 99990280
99990025 99990049 99990053 99991076 99991866 99991588 99991307 99990014 99990991 99990899 99990007 99994696 99990988 99990035 99990005 99990680 99990095 99990290 99991597
99990411 99993790 99990414 99990080 99991284 99990002 99990391 99990556 99993010 99990322 99992086 99990773 99990006 99992767 99990090 99990824 99996553 99990161 99990659
99990082 99990011 99990050 99996844 99990794 99990369 99990208 99991784 99990169 99990234 99990002 99990021 99990309 99990032 99990308 99990196 99990395 99991584 99990008
99992829 99992115 99990722 99990236 99990676 99993443 99991217 99991181 99990537 99990297 99992068 99991538 99990088 99990013 99990828 99990001 99990016 99992396 99990658
99993904 99990742 99990835 99990275 99991689 99991974 99990028 99990841 99990017 99992550 99998647 99990686 99991756 99990037 99990309 99990170 99990245 99990415 99990110
99991161 99990134 99990007 99992535 99990311 99990196 99990838 99991873 99992423 99990833 99993225 99990440 99990601 99990068 99992637 99990244 99990030 99991745 99990971
