19
99991037 99990393 99990129 99990325 99990007 99990172 99990371 99990518 99990209 99991283 99990466 99992036 99990146 99991329 99992221 99990011 99991133 99990722 99992704
99990624 99990112 99990716 99995735 99990837 99991594 99991041 99991962 99994986 99991067 99990642 99992400 99993409 99991371 99991182 99990370 99992863 99990976 99990534
99990024 99994803 99990064 99990172 99992915 99991280 99991094 99990191 99991339 99991109 99991865 99990157 99990013 99996508 99991157 99990718 99990413 99991564 99998075
99990373 99995260 99991220 99990375 99992196 99990500 99991123 99990485 99991110 99991145 99990674 99993858 99991125 99990267 99990331 99991527 99990164 99995089 99990845
99990345 99991578 99993659 99992860 99990051 99990026 99990896 99990009 99990476 99990325 99990458 99992892 99990183 99990129 99991529 99990155 99990101 99990801 99990073
99990014 99992775 99990364 99990048 99990006 99990084 99991387 99990627 99990101 99990642 99990514 99994913 99992719 99990072 99990211 99992504 99990678 99990625 99990341
99990764 99990004 99990000 99990092 99991215 99990232 99990001 99990129 99990909 99990580 99990090 99991727 99990483 99990451 99990004 99990345 99990085 99990121 99990160
99990296 99991264 99990030 99990697 99990538 99990021 99992147 99991416 99990991 99992059 99990214 99991140 99990030 99990655 99990459 99990025 99990004 99991003 99995360
99993686 99990700 99991853 99990238 99990215 99990140 99990326 99990111 99994110 99990641 99991725 99991312 99990143 99991145 99990018 99993239 99990062 99990074 99990309
99990239 99997023 99991806 99992232 99990776 99990804 99990925 99996492 99990051 99990682 99991552 99990382 99990819 99990070 99990148 99990113 99990025 99990023 99993394
99990006 99990552 99990131 99991818 99993109 99990513 99992182 99990486 99992902 99993888 99990298 99990864 99990113 99994383 99994305 99990213 99991945 99991007 99990446
99990829 99991957 99991567 99991110 99992077 99990289 99990079 99990067 99990692 99990048 99990522 99990272 99992644 99993259 99990303 99990000 99991045 99992401 99990163
99991296 99990320 99992679 99990985 99990868 99990086 99992793 99996077 99994973 99991636 99994972 99990369 99990050 99990204 99990151 99991934 99990375 99990028 99992189
99992058 99991160 99991082 99993286 99990177 99991544 99991923 99990582 99995441 99990009 99991765 99990220 99994955 99990324 99990591 99990900 99990743 99991720 99990129
99992659 99990128 99990215 99991909 99994453 99990255 99992830 99990150 99990877 99990314 99990366 99990159 99991065 99990392 99990005 99993933 99990023 99994693 99993099
99993926 99990676 99990835 99990456 99991943 99990368 99990379 99990095 99990510 99991301 99990145 99990111 99990799 99995486 99990045 99990823 99990001 99990297 99991992
99991294 99992659 99990424 99991253 99990107 99991494 99990286 99994165 99991642 99995222 99990719 99990932 99997159 99990187 99990071 99990151 99991336 99990029 99991481
99991127 99992359 99990294 99990111 99990774 99990900 99994440 99995497 99990379 99990259 99994121 99990769 99990760 99990385 99991092 99994099 99991068 99991788 99990038
99992219 99990259 99990087 99990986 99990337 99990722 99990054 99991104 99990024 99990047 99991864 99991095 99990382 99990377 99990225 99990052 99991999 99990004 99990389
