19
99993508 99991244 99994351 99990045 99990041 99990812 99990121 99990030 99990238 99991525 99990559 99990087 99990788 99990000 99990090 99990214 99990334 99993104 99990053
99991044 99995498 99990952 99991142 99990183 99992178 99990462 99992623 99991113 99991463 99990373 99990306 99991070 99991849 99990750 99990025 99991100 99992606 99990033
99990417 99990929 99992214 99990160 99990324 99992569 99991732 99990228 99991143 99990003 99990512 99990356 99990005 99991219 99992774 99990122 99990171 99994925 99991626
99990035 99991624 99990430 99992145 99990534 99990265 99990139 99990475 99992708 99990706 99990376 99990072 99991866 99990174 99990234 99990455 99990005 99990614 99990919
99990409 99990772 99991470 99991807 99990190 99990006 99990211 99990481 99990338 99990624 99990347 99992442 99990067 99990837 99990193 99990124 99990370 99990631 99990021
99990408 99992250 99992399 99990047 99990442 99993651 99990295 99990091 99996333 99993115 99990394 99991079 99992185 99990575 99991508 99990012 99990007 99990067 99992777
99991934 99990379 99994194 99990058 99992138 99990360 99991602 99991220 99990000 99993368 99990411 99990288 99991390 99990005 99990298 99990056 99991211 99990767 99991434
99991119 99990615 99990360 99990284 99990701 99990844 99990074 99990218 99990662 99992506 99990379 99990344 99991667 99990214 99990336 99991738 99990172 99990646 99990113
99990096 99991388 99990003 99990047 99992893 99990003 99990007 99992472 99992296 99990127 99991434 99992551 99996149 99990027 99990525 99992673 99990074 99991135 99990778
99991493 99991161 99990168 99990184 99990017 99990099 99994224 99991556 99990612 99993380 99991028 99990047 99993074 99996047 99991485 99990073 99990517 99990265 99990982
99993124 99990114 99990317 99992622 99990655 99995557 99990985 99991475 99990989 99990109 99990556 99991813 99991340 99992059 99990161 99990740 99996428 99990641 99991497
99990068 99990769 99992638 99991815 99990311 99990165 99991416 99990064 99994437 99990175 99990036 99991453 99991183 99992500 99993205 99992936 99990070 99991050 99990036
99991296 99991023 99990197 99990554 99990130 99990534 99991376 99990656 99990064 99990037 99990045 99990414 99995549 99990067 99995759 99991580 99993645 99990277 99991227
99990293 99990122 99990006 99991246 99990170 99991302 99990014 99992765 99990361 99992107 99993886 99990921 99991487 99991308 99991642 99990586 99990412 99992943 99990395
99990477 99991537 99990057 99993350 99990039 99991963 99990923 99990266 99990050 99990002 99990045 99991311 99990817 99990071 99990216 99991065 99990177 99990342 99990195
99991865 99990039 99990399 99991124 99990795 99990158 99994083 99990033 99990112 99996139 99992009 99991402 99990035 99990585 99990727 99990207 99990750 99990449 99991162
99990244 99990411 99992536 99991556 99990590 99993629 99990809 99993038 99991892 99990072 99990215 99990876 99990215 99991793 99992753 99990312 99990512 99991131 99990961
99992010 99993999 99990464 99990040 99992517 99990665 99990339 99990526 99990170 99990191 99992391 99990200 99990135 99990288 99990044 99994470 99990884 99990379 99990452
99992694 99993863 99991098 99990350 99990999 99990654 99990135 99992365 99991938 99990958 99990011 99995350 99990139 99990275 99991156 99990313 99990500 99995638 99990069
