19
99990197 99990117 99991147 99990430 99992701 99990118 99993640 99991185 99990971 99991039 99991250 99991202 99991609 99990175 99990104 99990192 99991584 99990419 99990169
99990344 99990015 99990648 99992001 99990043 99992477 99992629 99991189 99990008 99990046 99990442 99990434 99990774 99990326 99990071 99990607 99990113 99990048 99990483
99991597 99990085 99991568 99991052 99990057 99990110 99990545 99990076 99991090 99990125 99991069 99993991 99990056 99991387 99991422 99995440 99990307 99990005 99990530
99990599 99990029 99991109 99991100 99992161 99990692 99991780 99994510 99990805 99992585 99990071 99995757 99993775 99990707 99991945 99990326 99992318 99992965 99990044
99991005 99991842 99994268 99990009 99991076 99990076 99992797 99995135 99990616 99991188 99992000 99990074 99993730 99995418 99990454 99991941 99991028 99990065 99991037
99990709 99990102 99990639 99992245 99991165 99991597 99990755 99991898 99994231 99990543 99991148 99993342 99990978 99992349 99990912 99990045 99991028 99994049 99991139
99990274 99991292 99990116 99990981 99990614 99990182 99995499 99991062 99994747 99990805 99990205 99990915 99990250 99990116 99990011 99991066 99990346 99990694 99990893
99991162 99990270 99990164 99990025 99994392 99992073 99991831 99990066 99991643 99991170 99992800 99990354 99992086 99990977 99990382 99990336 99990123 99990644 99990180
99994123 99993147 99990008 99993271 99990021 99990472 99990126 99990624 99990725 99990109 99990012 99990758 99990546 99990281 99990048 99990208 99991249 99990064 99990807
99990243 99990061 99990656 99990116 99990071 99990429 99990655 99990321 99990172 99990021 99990187 99997483 99990154 99990079 99990643 99990072 99992233 99991871 99994352
99992928 99991418 99991861 99990401 99990199 99990693 99990676 99993682 99990568 99990239 99991323 99990274 99991277 99990295 99990857 99990816 99990381 99990054 99992121
99991171 99990163 99990070 99990406 99993597 99990150 99990046 99990445 99991229 99992899 99991639 99991502 99990287 99990861 99992080 99991084 99996964 99990625 99990618
99992327 99990170 99990957 99990510 99990190 99991743 99991819 99993252 99992056 99990196 99990251 99990475 99990056 99992593 99990053 99990022 99991926 99990542 99993446
99990024 99990596 99990705 99990496 99990864 99990205 99990060 99990053 99990006 99990633 99990561 99991290 99990513 99991363 99990677 99994794 99997298 99990358 99991221
99990235 99990198 99990066 99992420 99992026 99990654 99990020 99990268 99992828 99990982 99990158 99990473 99992064 99994518 99991337 99990179 99990033 99990272 99990034
99990082 99991431 99990096 99990266 99996503 99990380 99990908 99990023 99990128 99991968 99992350 99990031 99990697 99991402 99990385 99991403 99990128 99993323 99990130
99990240 99990289 99990691 99991691 99990347 99990714 99990132 99990523 99993516 99990664 99993930 99990292 99990946 99990949 99990288 99990022 99990818 99990079 99990884
99991954 99993385 99990507 99990036 99992901 99990615 99990463 99991327 99990637 99992792 99990159 99990009 99991089 99993512 99991332 99990039 99990295 99991669 99990575
99991363 99991185 99990132 99990844 99990308 99990178 99990065 99990177 99990152 99990742 99991950 99992698 99990521 99993575 99991058 99994093 99990752 99990142 99990220
