19
99994228 99990932 99991042 99990084 99991819 99990005 99990257 99991015 99990358 99991014 99991243 99990947 99992927 99993917 99992187 99997119 99990878 99990701 99991818
99997927 99990468 99996111 99990340 99990165 99990019 99990069 99994087 99990262 99991305 99994413 99990865 99990328 99991354 99990124 99993115 99992364 99991208 99990738
99995066 99991012 99991061 99990898 99990660 99992944 99990095 99990066 99993857 99990798 99990338 99993712 99990652 99990327 99993348 99990607 99990945 99994497 99990040
99992059 99991659 99991826 99990196 99990031 99990165 99990107 99990216 99990285 99991305 99991309 99990404 99990272 99991342 99990074 99992182 99990188 99990108 99990228
99991084 99992319 99993397 99991678 99990467 99990000 99992628 99992675 99992230 99990094 99990002 99990116 99991124 99991947 99990142 99990036 99990021 99990036 99990903
99990659 99991271 99994605 99994985 99991644 99993399 99990841 99990363 99990347 99995797 99990499 99995232 99991132 99990506 99990427 99990854 99990250 99991582 99991322
99990063 99992301 99992603 99990656 99990028 99990343 99990361 99993427 99992928 99990002 99991414 99991840 99990916 99994308 99991274 99990986 99991118 99990607 99990199
99995937 99990016 99991383 99993547 99990421 99990797 99991899 99990158 99991217 99992186 99990289 99991328 99992273 99990611 99991687 99990859 99990175 99996262 99990127
99990937 99990018 99991345 99990246 99991364 99990371 99990096 99990026 99991363 99992883 99990422 99993419 99990271 99993904 99990012 99990432 99990000 99991379 99995119
99990857 99990914 99990203 99990011 99990807 99990226 99991704 99992658 99990029 99994205 99990064 99994501 99990446 99990312 99990046 99990414 99991964 99990570 99991724
99991228 99990483 99990040 99990479 99990620 99990896 99995747 99992149 99993707 99990054 99992233 99991079 99993135 99992009 99991821 99992142 99994885 99990550 99991651
99990872 99990923 99990054 99991339 99991379 99990388 99993090 99991993 99990181 99991675 99990613 99996095 99994153 99991333 99990855 99990061 99990044 99990329 99996237
99990602 99994544 99992274 99990287 99990268 99993784 99992058 99990095 99990017 99990002 99990417 99990151 99991821 99990537 99990823 99992643 99992482 99990165 99993031
99990658 99990407 99990011 99993008 99991900 99992631 99990652 99992829 99990246 99990301 99993358 99990025 99991607 99993777 99991752 99991133 99990445 99990321 99990539
99990400 99990115 99990256 99990535 99990587 99992130 99991206 99990615 99990504 99990012 99990000 99990319 99990128 99990455 99994783 99990369 99990008 99990588 99990111
99990169 99990003 99991752 99990043 99990049 99990937 99990139 99990480 99997650 99990155 99990493 99992204 99992443 99990294 99990900 99990881 99990644 99992049 99992110
99990035 99991619 99990185 99991383 99990279 99991345 99990158 99992720 99993936 99992395 99990527 99990012 99990931 99990220 99990142 99990000 99992048 99990006 99992761
99990746 99992522 99993096 99990401 99993950 99990327 99990732 99990953 99990177 99993777 99992111 99990004 99990414 99990241 99990138 99991567 99992899 99990067 99990846
99995239 99990407 99997195 99992138 99992943 99990855 99991914 99990353 99990016 99990306 99990966 99990070 99990509 99990155 99992144 99990184 99996311 99991676 99991869
