19
99991388 99996755 99990678 99990132 99991050 99990594 99990820 99990683 99993681 99994402 99991984 99990957 99990019 99992295 99992641 99990490 99993320 99994159 99990578
99990679 99990075 99990038 99991703 99990956 99990286 99992562 99993639 99990328 99992859 99990957 99990022 99993468 99990111 99990123 99991942 99990362 99990381 99990566
99991498 99990726 99990140 99993839 99990028 99994045 99991215 99990302 99990143 99990253 99991608 99990145 99991520 99990088 99990874 99990145 99990799 99990351 99991147
99994531 99990014 99991682 99990019 99990283 99990991 99992078 99993025 99990301 99990279 99990293 99992702 99990063 99990151 99994214 99990175 99990240 99990903 99990584
99990258 99990490 99994036 99990227 99990654 99990018 99990430 99990082 99991556 99990743 99990550 99990049 99990140 99991969 99992919 99992699 99992715 99992751 99990061
99992988 99991611 99990925 99990903 99990301 99990052 99990457 99990943 99990618 99990036 99990553 99990496 99993812 99990102 99990461 99992528 99990134 99990062 99990777
99992020 99990979 99990891 99990146 99991796 99990155 99990119 99990029 99990726 99992381 99993202 99990011 99990181 99996541 99990040 99991425 99993969 99990696 99990511
99991199 99990061 99991058 99991939 99990268 99991443 99993947 99990544 99990206 99992849 99990354 99990432 99992130 99990512 99990548 99990064 99990463 99991164 99990644
99994104 99990384 99990023 99992961 99991884 99991165 99990338 99990218 99990219 99990223 99990357 99992046 99990175 99991253 99990760 99990305 99990107 99991933 99990086
99990789 99993408 99990097 99996480 99992675 99991737 99992592 99991066 99991989 99990685 99990054 99990001 99991493 99990963 99992052 99992480 99992788 99991468 99990147
99990136 99990041 99991133 99990289 99992249 99990040 99990006 99990008 99990075 99995471 99990970 99991291 99991122 99990276 99993785 99992384 99990252 99990167 99990169
99990363 99991525 99990675 99990031 99990019 99990865 99992762 99991261 99993656 99992787 99991211 99991444 99991044 99990078 99993675 99992264 99991122 99990696 99990716
99990031 99990258 99991415 99991076 99990333 99992455 99990102 99990045 99991206 99991616 99990027 99991013 99990077 99990256 99990155 99990039 99992351 99991327 99994448
99990081 99993686 99992827 99992269 99990600 99991306 99991770 99990498 99994538 99990241 99994436 99990032 99991422 99990472 99991653 99990365 99990226 99990960 99991798
99993148 99990827 99990641 99990377 99990085 99994391 99990148 99991462 99990940 99990360 99990565 99991375 99992261 99993360 99990858 99994836 99990325 99990041 99990030
99990126 99990488 99991471 99991118 99990973 99990000 99990077 99991354 99992756 99991372 99992102 99991431 99991346 99990046 99993198 99991403 99990006 99993615 99990320
99990996 99990203 99991134 99990685 99991388 99990010 99990003 99990133 99992303 99990593 99990231 99990042 99990243 99993751 99990971 99990873 99990831 99990162 99991246
99994500 99993221 99990000 99991609 99991314 99990365 99992791 99990316 99990009 99995117 99990914 99990107 99990044 99990125 99990111 99990042 99991316 99991491 99991101
99992728 99993301 99993479 99990008 99990963 99991374 99991908 99991281 99991848 99990126 99990334 99990619 99994183 99991842 99990212 99990083 99992262 99990811 99993821
