19
99990991 99990180 99991669 99990566 99990300 99990353 99990108 99992352 99991904 99990202 99994319 99990208 99992688 99990014 99991129 99990003 99990124 99990103 99992486
99990103 99990108 99991620 99990289 99992164 99990056 99990422 99990214 99990041 99990656 99991173 99990273 99993028 99991543 99990788 99990278 99993686 99990803 99993521
99994356 99990781 99992568 99990487 99990017 99990001 99990494 99990029 99994475 99991043 99992914 99990346 99990391 99995894 99991164 99990244 99990849 99990269 99990255
99992251 99994856 99993495 99990476 99990416 99990056 99991555 99990698 99991810 99990840 99995105 99990166 99990393 99992389 99990187 99991106 99995504 99993676 99991265
99990003 99991788 99990656 99991891 99990942 99990425 99992309 99990438 99990079 99991492 99990032 99990642 99991361 99990011 99990827 99990297 99990186 99991607 99990883
99992201 99991782 99990201 99990553 99990735 99991987 99990091 99990062 99990296 99990642 99991344 99991966 99990009 99990532 99993237 99990925 99990343 99990076 99990375
99990005 99991857 99991240 99991595 99990189 99990305 99990539 99991311 99991327 99990045 99995976 99990204 99990167 99990073 99990000 99994838 99992835 99990043 99990216
99990912 99990495 99992654 99990537 99994384 99992542 99990558 99990280 99990004 99990464 99992339 99990722 99990186 99991860 99990482 99991173 99990569 99993444 99990452
99990196 99990222 99990172 99997047 99990057 99990858 99991183 99994384 99990216 99990493 99991609 99990188 99990436 99990773 99991343 99990722 99990966 99990639 99990054
99993084 99990297 99991743 99990201 99990740 99992844 99990194 99991208 99992434 99990530 99991732 99990142 99990330 99991920 99990448 99994774 99990651 99992043 99990217
99990005 99994840 99991117 99990309 99990000 99997169 99990623 99990037 99991279 99990676 99990048 99990009 99991904 99990320 99990011 99990013 99990606 99990866 99991599
99992983 99990076 99990011 99990050 99990501 99991146 99990208 99991090 99996842 99990329 99990633 99993984 99990056 99997568 99990083 99990012 99990643 99991051 99990299
99990220 99990038 99991885 99990440 99991028 99990568 99991811 99994508 99990109 99990053 99991137 99990790 99991544 99994279 99993188 99990294 99990205 99992557 99991877
99992899 99990198 99990485 99991518 99990014 99990042 99992289 99990828 99991105 99990145 99990924 99991240 99991398 99990128 99990355 99990052 99990608 99991341 99990063
99990885 99990422 99992968 99991496 99991049 99993613 99990158 99990289 99991474 99990109 99991693 99991161 99990043 99990007 99990936 99990960 99992117 99991588 99990123
99994654 99990349 99991919 99990357 99990019 99990466 99990618 99991867 99991710 99992044 99990086 99990022 99990119 99991032 99990317 99990482 99990611 99990408 99990313
99993282 99991267 99990082 99990007 99991265 99992110 99990127 99990421 99991074 99990376 99994078 99990181 99990009 99991554 99990358 99992490 99992335 99990456 99990860
99990226 99990622 99990113 99994785 99994050 99990147 99990486 99994562 99990899 99991200 99990066 99992611 99991242 99990534 99997380 99992934 99993294 99990131 99990625
99990811 99990350 99990778 99990023 99993081 99991756 99990680 99990248 99994418 99991378 99991534 99990118 99990435 99990047 99991841 99990105 99991188 99990215 99990010
