19
99991468 99991919 99990055 99990007 99990598 99993623 99990415 99990317 99994452 99991160 99990482 99991418 99990048 99990573 99991100 99990296 99990462 99990658 99991112
99990491 99990029 99990494 99991573 99990176 99991448 99990113 99990344 99990003 99990544 99993030 99992132 99990003 99990243 99990616 99993185 99993286 99992229 99990034
99990002 99990505 99990253 99994058 99993648 99990080 99990178 99991062 99993584 99996064 99990325 99990142 99990558 99991188 99990572 99990625 99990017 99990689 99991687
99991158 99990544 99992419 99991127 99990405 99990553 99991058 99992983 99992371 99994035 99990867 99990033 99991382 99991917 99991466 99990099 99992198 99992746 99990140
99990912 99992447 99990251 99990117 99991404 99990067 99990027 99991654 99991932 99990009 99990056 99990065 99991599 99990881 99990196 99991322 99994575 99991256 99992783
99990039 99991882 99991008 99990215 99991209 99992085 99992518 99990020 99990548 99991224 99995514 99991168 99993386 99990056 99990143 99990004 99990590 99991116 99992682
99996189 99992596 99990091 99993206 99990011 99993231 99995801 99990812 99990256 99990648 99992151 99990210 99991291 99993611 99991212 99990437 99990085 99990554 99991363
99990154 99993082 99991185 99990108 99990157 99992406 99992918 99991890 99990309 99990396 99991295 99991277 99990879 99990175 99990751 99991163 99990447 99991600 99990028
99990262 99990138 99990079 99990467 99990084 99991583 99990288 99990039 99991817 99991017 99990336 99990019 99992056 99991161 99990085 99993011 99990250 99990373 99990115
99994729 99991929 99990738 99990034 99990575 99991860 99994556 99990391 99990554 99993628 99990144 99998215 99991981 99990328 99990018 99990205 99990018 99990025 99996736
99991849 99990122 99992307 99997296 99990056 99990658 99994166 99991714 99990454 99990318 99990085 99993007 99990112 99991153 99996156 99992022 99996436 99990168 99991772
99992756 99991350 99991377 99990900 99993553 99991095 99991185 99990316 99994091 99992854 99995716 99990090 99991593 99990079 99991410 99991864 99991282 99992051 99995430
99990463 99993136 99990015 99990174 99990460 99990549 99990268 99990236 99991234 99994500 99990407 99990806 99990836 99992043 99990209 99990213 99992093 99990203 99990016
99992557 99993730 99990854 99990205 99993700 99990112 99994371 99990491 99990153 99992221 99991988 99991569 99990041 99991023 99993171 99990473 99990131 99992929 99994384
99990500 99991874 99990024 99990220 99990371 99990692 99990804 99992340 99991314 99990321 99990089 99990067 99993361 99990522 99990326 99991545 99990000 99992267 99992972
99991885 99990443 99991269 99990021 99991280 99990196 99992935 99990247 99992109 99991445 99990343 99992730 99992018 99991915 99990033 99993849 99990003 99990369 99990129
99992535 99992237 99994583 99990993 99990066 99990416 99991666 99990085 99997101 99997094 99990007 99990396 99992806 99990023 99990142 99991008 99990957 99990171 99991596
99990369 99990563 99992763 99991394 99990109 99990065 99992189 99992007 99991060 99990529 99990729 99991040 99990111 99991216 99990872 99990332 99991423 99990331 99990527
99994179 99994582 99990119 99990231 99993840 99992166 99990002 99990625 99992244 99990234 99990582 99991553 99990670 99990344 99992000 99990012 99990230 99990185 99991406
