19
99991194 99991342 99991311 99990260 99990145 99990768 99993184 99991130 99990561 99990120 99995161 99990113 99991410 99990044 99990193 99990455 99992532 99993195 99990581
99990911 99991097 99990001 99991979 99990623 99990483 99991196 99990400 99990455 99990122 99992462 99990097 99990067 99990447 99990217 99990704 99991298 99992290 99990003
99990182 99995373 99991242 99990033 99990357 99992575 99991731 99991585 99996097 99992978 99994548 99991651 99990455 99992271 99990013 99991925 99990957 99991067 99991387
99990241 99990112 99991981 99990150 99990283 99990125 99990786 99990230 99991490 99991417 99990518 99990970 99990617 99995547 99990333 99990642 99990960 99990202 99990060
99992011 99990301 99990079 99990073 99992091 99990403 99991345 99990275 99991276 99990397 99990119 99990096 99993310 99993356 99990653 99991897 99991459 99990625 99991165
99990363 99993079 99992906 99990361 99990145 99991574 99990463 99991156 99990469 99992792 99990778 99991349 99991799 99990611 99990652 99990700 99993383 99990523 99990980
99991832 99992192 99990566 99991321 99990207 99990942 99990850 99990403 99990937 99995675 99990063 99990007 99990375 99990313 99990344 99990380 99990187 99990085 99991614
99990058 99990032 99993860 99990004 99990040 99990711 99991087 99990533 99990052 99990404 99991538 99990124 99993725 99990023 99990341 99992139 99990646 99990306 99990356
99990019 99994243 99990121 99990034 99990228 99993536 99990224 99990049 99990233 99990415 99993567 99990556 99993041 99990725 99990114 99992313 99990755 99990112 99990459
99993324 99990082 99990130 99990264 99991500 99990298 99990234 99990699 99990653 99992066 99990180 99991389 99990179 99995971 99990417 99990411 99990053 99990022 99990005
99995677 99990181 99993100 99991650 99994878 99990377 99991455 99991429 99992091 99990245 99990995 99992632 99990920 99990245 99991721 99991034 99991182 99990571 99990036
99991838 99990310 99997412 99991001 99990090 99992673 99990667 99990031 99991154 99991300 99993397 99991993 99990189 99992585 99990168 99990709 99995640 99991025 99990542
99990152 99993967 99990818 99990656 99990084 99990190 99990007 99992035 99990885 99990044 99990430 99992305 99994449 99990163 99992134 99991499 99991057 99992607 99990158
99991492 99991280 99990431 99992637 99991089 99990003 99994044 99991449 99990454 99990548 99990360 99990217 99990390 99990319 99995194 99993057 99993172 99990026 99990427
99990795 99991924 99992890 99990089 99990340 99992305 99991949 99990595 99990632 99990360 99990266 99996257 99991739 99991679 99991646 99991216 99990354 99991650 99990034
99990194 99996351 99992854 99990123 99992667 99991022 99992287 99991088 99992067 99991457 99990201 99990048 99991428 99991197 99994456 99990305 99990326 99991291 99991405
99991601 99990434 99990039 99990664 99991919 99992394 99990846 99990226 99991213 99990290 99990114 99990789 99995155 99990136 99990064 99991443 99990261 99990189 99990179
99990784 99990129 99993406 99995080 99990745 99992468 99990286 99990087 99992342 99991015 99993341 99990052 99991247 99990685 99990465 99990322 99990232 99995966 99991354
99992257 99993146 99992849 99990459 99990070 99991626 99996942 99991322 99990441 99991945 99990028 99990750 99993963 99991066 99990954 99991724 99990601 99990410 99996578
