19
99993709 99990288 99990145 99990002 99991698 99990477 99991073 99993276 99990028 99990053 99991186 99990220 99994181 99991028 99993150 99990590 99991380 99990522 99990057
99990048 99990184 99990440 99990292 99990118 99990139 99990170 99990011 99990463 99991173 99990615 99994595 99994092 99990752 99991762 99991284 99992065 99990093 99990555
99994969 99990172 99991851 99990032 99990146 99992715 99990316 99990372 99991046 99990194 99990266 99990172 99990041 99991156 99990517 99994037 99993754 99992793 99990076
99990391 99995746 99990156 99990240 99990798 99990059 99992129 99990039 99990098 99991483 99991442 99995062 99990284 99990059 99991143 99991106 99990209 99992454 99990040
99990358 99990155 99990000 99990638 99990164 99995042 99990379 99990064 99990290 99994017 99990675 99990440 99994944 99990398 99990482 99990712 99993883 99990403 99990342
99990525 99990459 99990213 99992057 99990736 99992443 99990049 99990485 99990636 99990765 99990014 99990880 99990075 99991263 99990059 99990118 99990535 99990714 99990147
99990989 99990244 99990176 99991067 99991168 99990032 99990116 99990036 99990963 99992695 99993220 99995281 99991566 99990194 99990408 99990422 99990105 99990116 99990007
99990489 99990698 99991471 99990242 99992444 99990020 99990243 99990013 99990395 99991921 99990008 99991409 99990309 99990141 99990358 99990372 99991119 99990444 99990929
99990096 99990002 99990414 99990048 99993253 99990642 99990457 99990209 99991080 99991709 99990157 99990546 99995177 99990378 99990159 99990000 99990176 99991081 99990402
99991277 99990962 99991620 99990673 99990345 99991806 99990186 99990934 99991274 99990563 99990689 99990382 99996827 99990983 99990044 99992217 99990020 99990682 99990149
99990545 99991056 99995353 99990592 99990278 99992097 99990331 99990032 99990202 99991188 99990743 99990055 99990041 99990515 99990003 99990058 99990196 99990027 99996949
99992324 99992529 99991221 99992067 99990070 99990706 99993817 99990148 99990118 99993384 99990063 99991031 99990931 99990410 99995930 99991024 99990161 99990431 99990421
99991166 99990025 99990158 99990535 99991344 99991822 99991569 99990199 99990089 99990380 99992690 99990362 99990897 99992365 99991160 99991152 99993816 99990462 99990061
99992897 99990000 99990960 99994219 99990577 99994649 99990746 99990041 99990000 99990389 99990940 99992731 99990073 99991770 99991887 99990056 99990619 99990421 99991182
99990143 99990530 99994265 99990008 99990114 99990594 99990279 99991301 99990259 99990951 99991282 99990533 99990290 99992543 99990267 99990253 99990249 99990835 99990007
99990340 99990136 99990169 99990390 99994757 99990008 99990035 99991159 99990898 99990482 99991396 99990165 99990005 99998256 99992103 99990275 99990099 99991766 99990212
99994725 99990020 99990135 99992877 99990597 99990335 99990043 99990310 99992353 99990318 99990037 99990184 99991080 99991868 99990223 99990905 99993585 99992435 99990131
99992938 99991905 99991196 99994985 99991012 99990877 99990449 99992585 99990293 99992649 99990215 99994133 99990384 99990000 99991883 99993284 99990306 99995628 99992276
99990266 99990001 99990031 99990078 99991603 99990362 99991145 99991071 99995717 99990313 99990000 99990166 99990188 99990881 99992652 99990232 99990216 99990001 99996087
