19
99990325 99990496 99990213 99993274 99994928 99990035 99992737 99993139 99990215 99991040 99990686 99995916 99992617 99992528 99990307 99990591 99990009 99990377 99992804
99992835 99994451 99994620 99990012 99990106 99993227 99991025 99992381 99991199 99991602 99993633 99990386 99991656 99990566 99990561 99990181 99992587 99990727 99991039
99990535 99994467 99992291 99990436 99992489 99992696 99991000 99990036 99990635 99990044 99993258 99992524 99995321 99991219 99990071 99991103 99990436 99992172 99991512
99991549 99994049 99993512 99990467 99992212 99990443 99990052 99990429 99990476 99990096 99990402 99990623 99991608 99990049 99990823 99993891 99991069 99990426 99990410
99991704 99990018 99991361 99990037 99990149 99990007 99990644 99991849 99990450 99990078 99990321 99990582 99991086 99990021 99990285 99990009 99990039 99995793 99991721
99990178 99990093 99990007 99991522 99993061 99990081 99993386 99990517 99990031 99990943 99990005 99990353 99990589 99990022 99991765 99990021 99991204 99990719 99991172
99990631 99991073 99990286 99990175 99990234 99990316 99992089 99990042 99990247 99991162 99993322 99990213 99990821 99990785 99990043 99990023 99991833 99990004 99990128
99992746 99990896 99992544 99990165 99991388 99991385 99990000 99990237 99990336 99991643 99991790 99994183 99992402 99992656 99992219 99990302 99990774 99990035 99990240
99990000 99990113 99990319 99990034 99990663 99991986 99990165 99993145 99990700 99992601 99990801 99990127 99992146 99990123 99991503 99990354 99990265 99990342 99993343
99990017 99990034 99990267 99990010 99990411 99990143 99990518 99992836 99992131 99990131 99990023 99992523 99991760 99990355 99991078 99990016 99990015 99996216 99990337
99990602 99990050 99990041 99991012 99990052 99990664 99990117 99990284 99990624 99990805 99990952 99990046 99990008 99990814 99990415 99993582 99991249 99990006 99994302
99990604 99991624 99991254 99990333 99994929 99990038 99990193 99994951 99991086 99990407 99992573 99990762 99992076 99991166 99995578 99997478 99990207 99991188 99991847
99990990 99990116 99990060 99990044 99990059 99991066 99990574 99993650 99996053 99990062 99990019 99995565 99990339 99990082 99990489 99992170 99995754 99991386 99990021
99992088 99992624 99991094 99990338 99991760 99995543 99992866 99993648 99990784 99990796 99990019 99990007 99990593 99990545 99990337 99990959 99992703 99990625 99990346
99993004 99995554 99991477 99990101 99990050 99991053 99990910 99990614 99994739 99990343 99990000 99992049 99990378 99993810 99990578 99990082 99990196 99992054 99992469
99990000 99991721 99990100 99990872 99990865 99990695 99990494 99990008 99990571 99991890 99992857 99990078 99992624 99990528 99992204 99991270 99992436 99990537 99993753
99992326 99991791 99990029 99991983 99990378 99990839 99992258 99994384 99997187 99991334 99990230 99990707 99993329 99990280 99997218 99993222 99990196 99991217 99990039
99991346 99990608 99990054 99990441 99990167 99990017 99995400 99991064 99990006 99996565 99991284 99990101 99991343 99990067 99991996 99993328 99990378 99990412 99991138
99996586 99990906 99990352 99991179 99990484 99990443 99995080 99990127 99993470 99990524 99990762 99990852 99990236 99990469 99993577 99990330 99994067 99990117 99991862
