19
99991002 99990253 99990484 99990416 99990000 99991921 99992326 99990001 99991598 99990612 99990011 99990013 99990337 99992680 99995409 99991597 99990693 99990139 99992562
99992687 99992596 99990604 99990608 99993335 99995444 99991320 99990029 99990911 99990986 99990023 99990004 99990182 99990370 99990045 99991052 99990202 99991455 99992888
99991034 99991515 99990178 99992378 99990547 99990383 99990744 99991230 99995124 99990878 99993454 99990491 99993070 99992758 99990725 99991155 99990703 99993453 99990993
99993542 99990787 99990242 99990632 99990974 99992941 99991637 99991272 99990452 99990125 99990879 99993181 99990434 99991617 99990714 99990007 99990235 99990256 99990079
99991209 99991389 99991322 99990092 99994033 99990228 99994090 99990380 99990389 99991466 99990040 99990657 99992393 99990167 99990814 99991916 99991079 99991638 99990007
99990134 99991291 99990472 99990274 99995226 99992370 99990065 99990033 99993822 99990195 99990838 99990785 99995082 99991634 99992579 99990082 99994318 99992515 99990568
99991894 99992084 99990001 99992839 99995119 99990166 99990526 99990239 99990000 99992285 99991917 99992478 99994603 99990072 99991013 99990504 99992619 99991238 99991115
99991559 99990100 99992163 99990025 99991452 99990335 99991069 99990145 99990552 99990689 99991399 99990078 99994117 99992871 99990158 99990370 99990904 99990062 99990298
99990010 99991131 99992586 99990914 99992572 99990175 99990234 99994822 99990107 99990827 99990737 99992799 99990166 99990298 99992136 99990534 99993066 99990522 99990571
99990012 99997179 99990000 99990525 99992317 99990883 99990018 99990061 99995580 99990028 99991776 99991019 99990171 99991345 99990334 99993027 99990122 99990992 99990028
99990330 99990672 99992146 99992803 99990034 99990692 99991354 99991781 99990621 99994085 99990649 99990043 99990331 99990935 99990359 99992629 99990939 99990180 99990410
99990672 99990045 99994526 99990034 99994051 99990752 99990548 99990417 99990719 99990490 99990126 99990116 99990314 99990178 99990124 99997145 99991511 99990123 99990288
99990115 99991177 99990443 99990050 99992576 99990089 99990084 99991365 99991142 99991099 99990085 99992367 99990072 99990901 99992208 99991121 99993453 99990603 99991810
99990181 99992578 99990576 99990259 99990069 99991404 99993417 99990073 99990051 99990475 99990151 99990222 99990233 99992376 99990261 99990071 99992179 99990032 99990005
99990514 99990252 99990160 99992031 99991755 99990619 99990545 99990122 99990273 99991425 99990319 99992164 99993004 99991673 99990191 99990339 99990684 99990544 99990362
99992884 99990076 99994498 99993092 99990848 99990191 99992810 99990131 99991118 99991280 99990463 99993410 99990210 99990005 99990311 99990129 99990038 99990741 99990437
99991476 99991353 99990164 99990775 99990182 99992151 99990144 99990122 99990287 99994344 99994166 99990029 99990321 99991038 99990964 99990079 99991690 99990111 99991949
99990041 99992078 99990006 99990897 99990888 99991209 99991430 99994550 99990282 99990724 99990155 99990048 99990001 99991869 99990013 99991696 99990919 99990338 99991104
99991722 99990429 99991019 99990166 99990844 99993452 99990051 99990222 99991638 99990479 99990112 99991817 99990035 99990138 99991561 99991681 99990627 99990817 99991412
