19
99990235 99992644 99990315 99990399 99991784 99990045 99991443 99990432 99990429 99991021 99994415 99990083 99991050 99990129 99990482 99991122 99990409 99990547 99992218
99990451 99990003 99994688 99990194 99990654 99990019 99992113 99993171 99990910 99990026 99990538 99990265 99993108 99991920 99991124 99990831 99990564 99992197 99990067
99990008 99991580 99990018 99990659 99990345 99992113 99990069 99990313 99990000 99990685 99990227 99993006 99990585 99990117 99992346 99992041 99990039 99991991 99992412
99992182 99990179 99990241 99990046 99991029 99992904 99990275 99991598 99991874 99990348 99990812 99996163 99990760 99991902 99992381 99992235 99990855 99990058 99990151
99990559 99990181 99990583 99990391 99993088 99990801 99990285 99992064 99998239 99990903 99990317 99995428 99991719 99990042 99990836 99990592 99990833 99990227 99991029
99990017 99993101 99990115 99991239 99990425 99991513 99991494 99993221 99990584 99991810 99990534 99990140 99992793 99991007 99990002 99990285 99990213 99990327 99990453
99990023 99992370 99991636 99991234 99994270 99996114 99990873 99990262 99990217 99990381 99991137 99990212 99990387 99993328 99990274 99994934 99991114 99990023 99991111
99990124 99992662 99990978 99990387 99990572 99990312 99994282 99990204 99993157 99996741 99990040 99990255 99992512 99990044 99990031 99990002 99990007 99991690 99990013
99991088 99992349 99990172 99990391 99991105 99990158 99993549 99990285 99991933 99990178 99990463 99995343 99990051 99990042 99990089 99990293 99990742 99991072 99992846
99990683 99993554 99990438 99990238 99990205 99991871 99990329 99992697 99991781 99990158 99991076 99990081 99990013 99990655 99990244 99990394 99992050 99990025 99990051
99991607 99990102 99990069 99990827 99990186 99990548 99990027 99991405 99992555 99990181 99990677 99990064 99990303 99990281 99990261 99991724 99991539 99993022 99991343
99993697 99990653 99990023 99990064 99991452 99990016 99990766 99990025 99990004 99990733 99990150 99990090 99992327 99990429 99990340 99990889 99990765 99991844 99990053
99990005 99990170 99991102 99992460 99990052 99990057 99990834 99990366 99993795 99991175 99990014 99990020 99992423 99991594 99990016 99990208 99990740 99991426 99990581
99990660 99990292 99990830 99990202 99990056 99992028 99990000 99990000 99990015 99990253 99993385 99990233 99991406 99991430 99990287 99990039 99991563 99990462 99991370
99992845 99990010 99990763 99990001 99995663 99990113 99990017 99991820 99990455 99990137 99991148 99990297 99990014 99990250 99994693 99991907 99990045 99992500 99991105
99990235 99990230 99996356 99991780 99990280 99992793 99994970 99990219 99991393 99990206 99991245 99990222 99990601 99990008 99990486 99990848 99995655 99990017 99990049
99991959 99991808 99991661 99990652 99990197 99990183 99990674 99990613 99990136 99994676 99993112 99990667 99990004 99991104 99990756 99990005 99990731 99993293 99990519
99990170 99990243 99990652 99994349 99990015 99991015 99990052 99991341 99990968 99992143 99990255 99991703 99990976 99991393 99990398 99990105 99997181 99990085 99990744
99991695 99992300 99990000 99992452 99990405 99991034 99990088 99990076 99993143 99991362 99990900 99990033 99991063 99990126 99990294 99994910 99993864 99991581 99990862
