19
99992057 99991123 99990033 99990496 99992005 99990367 99990547 99993288 99990001 99990542 99990514 99990585 99990020 99992441 99990275 99990244 99990448 99990290 99990740
99990215 99991228 99990281 99991005 99990382 99991440 99990021 99995808 99990180 99990041 99990797 99993134 99990074 99992939 99997866 99992735 99990179 99991870 99990033
99994976 99990091 99991100 99991177 99990073 99990724 99990066 99990643 99990250 99991981 99992066 99991134 99990720 99990244 99990473 99990929 99990049 99990814 99993327
99990160 99994509 99990073 99990270 99993706 99990562 99990081 99990725 99994240 99991094 99993798 99990113 99991181 99990391 99990160 99996228 99990785 99990221 99990023
99990247 99993054 99990277 99990308 99990372 99990318 99992376 99990116 99990237 99990008 99991258 99990145 99990011 99990325 99991945 99991495 99991361 99990121 99990100
99990979 99990932 99992885 99991687 99990182 99994333 99990121 99994108 99991906 99990373 99990985 99992498 99990080 99990924 99994778 99996382 99991825 99992443 99991972
99990094 99993401 99990078 99993855 99992119 99990308 99990201 99991159 99990014 99990782 99996191 99991887 99993438 99992128 99992671 99990023 99990626 99992275 99993326
99990084 99990098 99993345 99990108 99993351 99991515 99990564 99991119 99990374 99991960 99990002 99990088 99990082 99990667 99990047 99990468 99990807 99990211 99990309
99990359 99990263 99990170 99990628 99993674 99990006 99990211 99993762 99990407 99990305 99990225 99991187 99990320 99993107 99990006 99990537 99990392 99991813 99990495
99990085 99990090 99990182 99990017 99990399 99990439 99990265 99990417 99991141 99992990 99990326 99991890 99993206 99990387 99992100 99990082 99990291 99990004 99992097
99990978 99992271 99990125 99990041 99990162 99991845 99990301 99992521 99990130 99991852 99990234 99993166 99990413 99995530 99990178 99990603 99990161 99990114 99990089
99990606 99990008 99993723 99995263 99990063 99992535 99990329 99990459 99990089 99990651 99990121 99991066 99991230 99993905 99991182 99990395 99990094 99992700 99990043
99990171 99990443 99996380 99990489 99990269 99990474 99990560 99990053 99991152 99990087 99990412 99993369 99990666 99990110 99990025 99990022 99992171 99990773 99990121
99990703 99990156 99990704 99991397 99990161 99990048 99990003 99990413 99990112 99991113 99991185 99992618 99990071 99990101 99993857 99992344 99990002 99992278 99990032
99990376 99990186 99990218 99990041 99990270 99990000 99990407 99994480 99990181 99991147 99991636 99990349 99991767 99991121 99990909 99990001 99990020 99991267 99990314
99990082 99990072 99991353 99990579 99990559 99990498 99992536 99990708 99990385 99990902 99990019 99990167 99990032 99994937 99990301 99990779 99993702 99993830 99991731
99990270 99991124 99991451 99991252 99990039 99990816 99990045 99992638 99990286 99990151 99990109 99991340 99990767 99990128 99991384 99992098 99990093 99990195 99991979
99990341 99990608 99991333 99991440 99990415 99993639 99990920 99992284 99990828 99990015 99991740 99991678 99990218 99990415 99990555 99990629 99990579 99990210 99991402
99990069 99991352 99991954 99995538 99993668 99990185 99990812 99991111 99991079 99990424 99994003 99991832 99991576 99991821 99993638 99990311 99990073 99990018 99990974
