19
99990591 99990426 99992856 99990071 99991595 99990118 99994717 99990628 99990123 99991554 99991513 99990458 99997639 99991268 99991633 99990290 99990218 99991758 99991180
99990079 99992658 99991683 99990392 99991809 99990424 99990017 99990730 99990003 99990286 99990444 99990361 99990184 99990382 99990242 99990248 99991805 99990603 99990047
99990508 99991474 99997482 99990257 99993412 99994669 99994021 99990287 99990078 99991431 99991141 99990183 99998881 99990112 99991454 99990132 99990255 99990833 99997545
99990399 99990465 99991460 99990280 99990495 99995429 99990062 99990582 99991148 99992038 99990167 99991328 99990021 99990103 99990027 99991549 99992012 99990513 99990535
99990014 99991067 99990427 99990324 99990880 99990033 99990085 99990676 99990357 99990105 99990369 99994114 99994558 99991187 99990154 99990495 99992637 99990895 99990105
99990472 99990056 99990004 99990073 99991003 99991853 99993178 99990171 99992857 99990324 99993383 99990623 99993060 99990140 99990091 99992821 99990396 99990135 99990388
99993394 99990769 99993143 99990177 99991806 99992954 99993903 99991424 99990086 99992265 99990691 99990184 99990089 99990207 99991151 99992511 99997721 99990061 99991286
99990366 99990628 99993880 99990272 99990040 99990192 99990988 99992523 99990535 99991426 99991646 99993021 99990025 99993567 99990436 99992144 99990284 99990908 99993755
99990645 99990608 99992528 99990467 99990463 99990912 99990675 99990056 99991652 99990980 99996152 99990002 99990947 99991284 99997081 99990010 99990810 99990681 99991428
99990952 99990374 99991077 99990006 99990039 99991404 99991138 99991788 99990087 99991434 99990440 99992585 99991728 99990308 99990151 99991002 99991397 99990257 99991053
99995611 99990393 99990250 99992416 99991197 99990010 99990084 99990039 99990002 99995337 99990530 99990610 99993969 99990391 99990634 99991457 99990174 99991653 99990637
99990020 99990800 99990970 99990087 99990804 99990328 99995883 99990168 99991579 99990352 99994895 99991957 99990456 99994284 99990048 99990135 99995432 99994633 99991227
99995491 99990875 99993523 99990113 99991926 99991077 99990298 99990813 99992012 99990112 99992225 99992136 99991110 99993958 99990386 99990043 99990432 99990055 99990812
99994224 99992157 99990057 99990425 99990853 99991097 99990403 99990607 99991170 99991169 99990834 99991103 99990414 99990196 99990046 99990397 99995835 99992316 99990034
99990153 99997737 99990055 99990643 99993234 99992733 99990397 99990085 99990154 99991074 99991345 99990521 99990920 99992910 99991073 99990804 99992632 99991895 99990664
99990230 99990931 99990099 99992482 99990060 99990329 99990774 99990843 99992146 99993839 99990224 99990036 99991951 99993991 99991816 99990136 99990110 99990236 99992299
99990061 99990387 99990370 99991272 99991103 99991815 99990449 99990313 99993175 99990374 99990086 99990302 99991724 99990918 99990641 99992490 99990086 99991908 99991136
99990048 99991540 99993548 99990753 99991994 99992963 99990567 99992545 99990106 99991438 99990083 99990029 99995181 99990023 99992368 99991464 99991194 99993818 99991635
99991595 99990288 99990248 99991480 99990908 99994027 99991901 99994333 99991840 99990101 99990164 99990282 99994370 99996254 99992688 99992340 99990304 99994479 99990163
