19
99990271 99990018 99990662 99991037 99993269 99991063 99990820 99992857 99990556 99990052 99994883 99991875 99991975 99991125 99992244 99990891 99990070 99992566 99991582
99990104 99990114 99990865 99990044 99990011 99994583 99990761 99990304 99990040 99994823 99990057 99996145 99990054 99991146 99992989 99990596 99992784 99993233 99990013
99990046 99994122 99993964 99992562 99993432 99990080 99991717 99990276 99990293 99991046 99990177 99991543 99990488 99994370 99990300 99994468 99998134 99990117 99990251
99996474 99990988 99990753 99991158 99990207 99992039 99993843 99992308 99990174 99991702 99990017 99991188 99990025 99991509 99991988 99990173 99992819 99990396 99990882
99991688 99991030 99990251 99990142 99990089 99990164 99991238 99990715 99992382 99990373 99997012 99990700 99993146 99993795 99991706 99990354 99990522 99993873 99990258
99990194 99990091 99991976 99990029 99990679 99990305 99990466 99990391 99990998 99991600 99995983 99990349 99990014 99990000 99992876 99990013 99990647 99990332 99990950
99990638 99996204 99990395 99991245 99991031 99992048 99990550 99990193 99991243 99991792 99995915 99993465 99990846 99991618 99990670 99990787 99990060 99990106 99990278
99990112 99992196 99990329 99990273 99990161 99991237 99990427 99990365 99990264 99992243 99991476 99991284 99991279 99990281 99990533 99990909 99991025 99991485 99990513
99990007 99995913 99992587 99990195 99990723 99990030 99990024 99990392 99990328 99990499 99990777 99990131 99990051 99990205 99990124 99990280 99990632 99992522 99991352
99991011 99990260 99990200 99990087 99991369 99990733 99990762 99990412 99992913 99990234 99990052 99991446 99991974 99993712 99990000 99991320 99993455 99990070 99992329
99991152 99990446 99990158 99990429 99990321 99990026 99992563 99990216 99990132 99992701 99990120 99991217 99993707 99991984 99993389 99990002 99992535 99991653 99994881
99991691 99991533 99992378 99990118 99990678 99990397 99992221 99994022 99990410 99990084 99990484 99990475 99990564 99994995 99990484 99991596 99992671 99990176 99990154
99991170 99992845 99991398 99990777 99990013 99990185 99993062 99990149 99990566 99990684 99990007 99991940 99990616 99990025 99990111 99990236 99990595 99990990 99991252
99991201 99990787 99990639 99990160 99991078 99990045 99991463 99993223 99990348 99990117 99990307 99990199 99992356 99990958 99990308 99990403 99992605 99991680 99991570
99992067 99990135 99990057 99991149 99992568 99990997 99990051 99991865 99992253 99990795 99990786 99993229 99990382 99990644 99990238 99990026 99990340 99991751 99990421
99990137 99994693 99992973 99992403 99990456 99990035 99990132 99990302 99990261 99990004 99990707 99991709 99990142 99990635 99990067 99990075 99990751 99990410 99990547
99993074 99990595 99990339 99990019 99993794 99992036 99991673 99990266 99990453 99990197 99990044 99990376 99995534 99990631 99993662 99990056 99991296 99994441 99990191
99990360 99992172 99990015 99990023 99990000 99992170 99990268 99990049 99994456 99991526 99990280 99990012 99991007 99991839 99990221 99992678 99990344 99990033 99990243
99991006 99990251 99990535 99991250 99990156 99992888 99990896 99991941 99990134 99990239 99990020 99990034 99990757 99990289 99993474 99991066 99990446 99990355 99990328
