19
99991769 99990527 99991165 99990019 99990491 99993099 99990362 99992869 99991273 99990074 99993361 99990334 99993105 99991539 99990448 99991502 99990816 99992035 99995766
99991416 99991751 99990921 99992838 99990936 99991466 99990206 99991891 99992771 99990030 99992491 99990413 99992945 99991327 99990052 99990596 99990304 99992042 99990991
99991257 99990111 99990938 99990106 99990088 99995108 99990067 99990859 99995025 99993560 99990328 99991224 99990735 99994694 99990767 99991014 99990075 99990018 99990939
99990327 99990803 99995358 99990000 99990018 99990245 99990296 99990834 99992359 99993986 99990003 99990544 99992845 99993218 99990880 99991441 99990846 99990016 99990031
99990767 99991105 99990000 99990336 99992277 99991826 99992819 99990266 99993010 99991240 99990003 99992382 99990023 99990981 99990346 99990041 99992579 99991241 99991221
99990405 99991028 99991813 99990057 99990709 99993014 99995740 99990233 99991989 99990018 99992743 99990039 99991731 99990002 99990132 99991950 99995729 99995868 99990196
99993847 99990101 99990009 99993205 99990795 99992652 99990075 99990014 99991459 99990002 99991635 99994590 99995799 99990001 99990081 99991019 99990342 99991681 99990645
99990199 99992063 99990017 99993435 99990047 99991150 99990015 99990113 99993243 99990065 99991093 99991588 99992101 99996452 99992426 99993674 99990145 99992347 99990071
99990638 99990786 99995631 99991479 99993343 99991620 99990062 99993535 99991275 99990133 99990858 99990342 99992208 99990964 99990347 99990019 99990386 99990979 99994177
99990167 99992627 99990164 99990364 99992012 99991956 99991370 99990003 99991206 99990001 99991300 99992592 99990069 99992072 99993012 99990248 99997485 99992658 99990049
99990029 99990184 99990008 99990095 99990015 99992033 99990353 99993138 99991010 99990337 99992533 99990067 99992937 99992017 99990473 99990558 99991852 99991510 99991598
99990819 99990290 99990283 99990028 99995536 99990990 99990869 99990102 99991878 99990066 99990714 99993446 99990550 99991286 99990544 99993829 99992939 99993341 99990336
99990945 99990211 99990796 99990732 99991034 99990019 99990707 99991701 99990283 99990306 99990293 99991176 99990045 99994602 99993656 99991416 99990015 99991642 99990592
99990271 99990026 99990282 99990647 99990356 99991128 99990180 99991022 99995934 99990835 99991054 99990440 99990881 99990011 99991226 99991490 99990019 99990309 99994375
99996639 99991704 99990534 99990105 99990119 99991054 99990608 99990042 99990774 99990150 99993029 99990840 99995277 99990015 99990069 99990023 99990599 99992406 99990103
99990142 99990485 99990949 99991466 99990050 99992330 99990304 99990537 99991491 99990139 99992247 99990748 99990008 99990022 99990133 99992779 99991687 99991912 99992027
99991575 99995513 99990142 99991071 99991187 99990256 99990074 99990128 99994815 99991725 99990396 99990119 99992359 99993638 99990612 99991664 99990755 99991123 99991131
99995177 99990263 99990151 99990265 99991229 99990444 99990038 99991367 99990557 99990375 99990171 99991588 99990312 99990908 99991591 99991246 99990823 99990476 99990496
99990132 99990016 99991647 99993076 99990574 99992011 99990027 99990462 99992663 99990473 99991925 99991580 99993813 99991147 99995373 99991547 99990285 99993633 99991920
