19
99990520 99991370 99990344 99991308 99995435 99990048 99993388 99992848 99990535 99990218 99991859 99990134 99992964 99990124 99991689 99990470 99992094 99991076 99990661
99990070 99990166 99991006 99990700 99990049 99991155 99990025 99991559 99991106 99990067 99990747 99991177 99993301 99991381 99990128 99990222 99990087 99990125 99990068
99990056 99990363 99991796 99990047 99990093 99991663 99997287 99991612 99991340 99990032 99990817 99990164 99990485 99990561 99990057 99990002 99990049 99990043 99990244
99990083 99990690 99990796 99990261 99990108 99995019 99991156 99990039 99990419 99990047 99996108 99990358 99990168 99990943 99990011 99991104 99990608 99997098 99990159
99991480 99990193 99990005 99990000 99993973 99991743 99992759 99990048 99990027 99990291 99990109 99990216 99990104 99990485 99991234 99990240 99990425 99991566 99990158
99990066 99990860 99991790 99990501 99994068 99991950 99990450 99995265 99990751 99992143 99992558 99992792 99997880 99990543 99990036 99990006 99993240 99996794 99991406
99990340 99990108 99990002 99990323 99991085 99991399 99992227 99990020 99990041 99992696 99990059 99990710 99990379 99992295 99990990 99990382 99990497 99990195 99990043
99990818 99992274 99990014 99990118 99990166 99990059 99992686 99993012 99990692 99991970 99990071 99990808 99990088 99990414 99990294 99991247 99991429 99994338 99991330
99990049 99990061 99992465 99993912 99990515 99990019 99990104 99990321 99992165 99990903 99993660 99991342 99992591 99991174 99992895 99990597 99992398 99990856 99990766
99990669 99995621 99992608 99990003 99990349 99990062 99990008 99990945 99991821 99990004 99990060 99990341 99992107 99990034 99990028 99990568 99990661 99992582 99990582
99990006 99990084 99990219 99990005 99990165 99990722 99991238 99991845 99994602 99990496 99990539 99992728 99990910 99990307 99990003 99990053 99991332 99990409 99990005
99992519 99990649 99994033 99990002 99990624 99991726 99990504 99993307 99992485 99992806 99990215 99990897 99990568 99992512 99990225 99990902 99990459 99990051 99991219
99990668 99990030 99994091 99990214 99991592 99990048 99990022 99990370 99990002 99991964 99991405 99990769 99994552 99990512 99990470 99990470 99990007 99991245 99990930
99993238 99994069 99990002 99990214 99990057 99990541 99990029 99992087 99990059 99990059 99990181 99991614 99990098 99990371 99991119 99992605 99991220 99991171 99990523
99991161 99990454 99990000 99991044 99990005 99990269 99993937 99991881 99990325 99990059 99990405 99990628 99990439 99992644 99991254 99990932 99991175 99991428 99990033
99990148 99990008 99990104 99990104 99990033 99990032 99990028 99991098 99994294 99990412 99990662 99990077 99990464 99990428 99990418 99990013 99990136 99994309 99997822
99992228 99990093 99991909 99991182 99994259 99991218 99990001 99994360 99990594 99990245 99990586 99994098 99990176 99993184 99991262 99990725 99990017 99995525 99991592
99990218 99990492 99990331 99990492 99990612 99990313 99990458 99990869 99990342 99993650 99993780 99996922 99990021 99990482 99994373 99994366 99991054 99990103 99990580
99990003 99990303 99990366 99990071 99992624 99990707 99992805 99990536 99990120 99990796 99990005 99990403 99990367 99990034 99990820 99990021 99996234 99990142 99991377
