19
99990772 99995568 99993127 99990939 99993049 99990390 99990811 99991105 99992282 99991633 99990464 99990041 99990058 99990767 99990686 99990742 99990682 99990176 99990864
99990216 99991154 99990389 99994027 99990177 99990437 99990087 99993333 99991970 99990413 99990074 99990028 99993256 99990838 99990160 99990205 99990984 99992403 99991418
99992430 99993347 99990012 99991911 99992285 99990018 99990062 99991112 99992819 99991363 99990028 99990097 99990477 99991012 99991653 99991155 99990004 99990021 99994094
99991245 99995067 99992164 99990634 99990216 99990140 99992572 99990020 99990187 99993719 99991580 99991132 99990382 99990111 99991057 99990289 99992165 99991988 99992201
99990526 99991588 99991969 99990381 99992687 99991803 99990571 99990255 99990085 99990390 99990009 99990032 99990249 99994790 99990205 99990425 99991343 99992904 99990892
99990303 99990300 99991867 99990084 99991337 99991643 99990923 99990176 99990082 99990127 99990466 99990499 99990897 99992323 99990411 99990330 99991587 99991832 99990080
99990488 99990710 99990721 99993734 99990169 99993288 99990287 99990089 99990243 99993852 99990109 99992002 99992386 99990142 99990056 99992750 99990022 99990453 99991707
99991471 99990900 99990783 99994391 99993252 99991093 99991690 99990698 99996456 99991507 99990711 99992048 99990062 99992501 99990115 99992371 99990000 99991118 99990386
99992734 99990192 99990002 99990638 99990197 99992653 99992337 99991105 99990363 99990263 99990206 99990276 99990224 99995090 99990766 99992193 99991042 99992319 99992132
99991282 99990722 99990129 99994281 99990008 99990936 99990275 99992484 99990177 99990025 99990648 99990028 99993897 99990740 99991043 99990072 99991651 99990940 99991194
99992958 99990976 99991285 99993545 99990173 99990943 99991732 99990254 99991784 99995346 99991852 99994123 99990508 99992692 99990312 99992365 99990614 99993360 99990043
99990050 99990089 99990373 99991365 99990773 99990088 99990000 99990026 99990337 99990100 99991720 99992381 99990951 99990146 99990017 99990122 99993519 99990502 99995031
99990003 99990497 99990333 99992197 99990342 99991049 99994972 99993312 99990068 99991337 99990005 99990009 99990151 99992597 99990033 99991751 99990014 99991136 99994481
99990949 99993444 99992402 99990309 99991990 99993745 99990493 99990336 99990680 99993340 99990061 99991000 99990573 99991477 99991815 99990752 99993486 99990680 99990222
99990344 99995129 99990451 99990485 99990718 99990294 99992098 99991816 99990075 99992988 99990096 99992585 99993539 99990083 99991795 99990437 99990210 99990119 99990011
99990620 99993270 99990093 99990122 99993723 99993195 99993156 99990034 99990004 99990558 99990012 99992038 99993497 99990399 99991777 99990008 99991564 99990804 99990800
99990300 99990795 99991773 99994866 99990077 99991892 99990009 99991312 99990758 99993476 99990847 99990002 99990408 99990946 99990143 99993127 99993696 99990168 99990074
99991407 99990393 99990372 99991153 99990684 99991356 99995671 99990602 99990034 99990484 99990043 99992092 99991545 99990445 99991589 99991184 99990844 99992996 99990748
99992973 99990685 99990654 99990596 99990129 99990116 99990275 99990761 99990027 99990049 99990726 99993490 99990441 99993274 99991992 99990123 99992639 99991047 99990069
