19
99990316 99991741 99992081 99990595 99990322 99990126 99992522 99992190 99992828 99991122 99992869 99992623 99990388 99993337 99994604 99994599 99990339 99990011 99990277
99991835 99990710 99991223 99990022 99990847 99995105 99990026 99992580 99990147 99990011 99990227 99992841 99990119 99990220 99990494 99990041 99990081 99990378 99990495
99990923 99994599 99992032 99990950 99993230 99990034 99990041 99990368 99990453 99990574 99990110 99990573 99990272 99991916 99991601 99990320 99997074 99990032 99991728
99993490 99994433 99990427 99991134 99993323 99990385 99995091 99990269 99990132 99990725 99990179 99990317 99991122 99991331 99990368 99991048 99990471 99990285 99990223
99990261 99990404 99991147 99990291 99991171 99990044 99990896 99990055 99990406 99990000 99991113 99990389 99991398 99992738 99990760 99990137 99996878 99993579 99990002
99990914 99990906 99992904 99991733 99992794 99990042 99990027 99990033 99991921 99991703 99990235 99990788 99990233 99990080 99992408 99990156 99990069 99990837 99992297
99990118 99996513 99993141 99991388 99990224 99990564 99991006 99990719 99990094 99991857 99991285 99992202 99992127 99990001 99990120 99990009 99990071 99990004 99992984
99990566 99990357 99991669 99990587 99990822 99990576 99991207 99990058 99992285 99990788 99991359 99990918 99991700 99991822 99995049 99993333 99991251 99990088 99990085
99990074 99991888 99990524 99990147 99990102 99990027 99991080 99990553 99990003 99990309 99990823 99990318 99992351 99990015 99990671 99991860 99990507 99992090 99990950
99991008 99992146 99997075 99990014 99990398 99990624 99990498 99991071 99990564 99993113 99990193 99990161 99990138 99990114 99990374 99990081 99992281 99991584 99991462
99990093 99990475 99990105 99992639 99990201 99990065 99990408 99990079 99991610 99991207 99995474 99993904 99994459 99990004 99990408 99992187 99993522 99990010 99990034
99990163 99990876 99993110 99995672 99990148 99992838 99990415 99990192 99991037 99993920 99990013 99990073 99991793 99995562 99990036 99991482 99990884 99991423 99991317
99990279 99994733 99995787 99990020 99991030 99990131 99994452 99990151 99990554 99990986 99992382 99990179 99992417 99990551 99992431 99990661 99991898 99990045 99990535
99990079 99990397 99990000 99990025 99991637 99990001 99991212 99990761 99990029 99990430 99991393 99991425 99993414 99990953 99990689 99990020 99991464 99991419 99990233
99990652 99990206 99992387 99993898 99990292 99991160 99991200 99990544 99990139 99991411 99990519 99994794 99990427 99990577 99991504 99991278 99990259 99990092 99990100
99991585 99990181 99991065 99990321 99990079 99990422 99992091 99991131 99990384 99990513 99991289 99990079 99990474 99990879 99990156 99990483 99993323 99990744 99990222
99990468 99990614 99990095 99990182 99990011 99992186 99994553 99990808 99992156 99990151 99990025 99992326 99990301 99992440 99990047 99990290 99990335 99991341 99990037
99990215 99993432 99990115 99992009 99990035 99990732 99990210 99990079 99990649 99990194 99990438 99994003 99990052 99992274 99990874 99991464 99991128 99990056 99993329
99991671 99991113 99990000 99990272 99990095 99994046 99990677 99990438 99991506 99991662 99990026 99991721 99992623 99991988 99992955 99990037 99991285 99990284 99990114
