19
99992576 99990543 99996431 99992920 99992738 99990429 99991991 99990513 99990160 99991167 99997683 99991556 99991574 99990610 99990446 99990191 99990404 99990722 99990095
99990023 99995395 99991394 99990855 99990185 99993685 99990432 99990265 99990049 99990475 99992651 99990014 99990636 99991182 99990318 99991805 99991296 99990017 99992237
99993684 99990007 99994762 99991380 99994191 99990462 99990379 99997082 99992018 99990414 99990234 99991495 99990019 99990249 99990210 99990798 99992009 99990335 99990404
99991473 99991284 99992729 99994999 99990034 99991079 99990493 99990374 99992581 99991477 99995370 99991589 99990130 99990017 99991666 99990739 99991851 99990298 99990419
99990554 99990552 99990247 99990738 99990857 99992335 99990056 99990302 99990227 99993513 99990340 99990017 99990554 99990588 99991651 99990578 99990689 99990778 99990174
99990249 99991712 99994900 99990191 99990142 99992411 99993882 99990810 99990602 99990152 99990172 99991775 99990693 99991551 99992394 99990008 99991050 99990720 99991478
99992378 99990684 99990050 99990707 99991432 99991303 99991755 99991886 99993799 99990362 99992637 99990098 99990819 99990866 99990323 99990659 99990617 99990120 99990358
99991274 99990288 99993264 99990412 99995719 99990195 99990056 99990815 99992262 99990413 99990503 99990953 99994185 99991957 99990896 99990064 99991454 99990129 99990277
99992550 99990061 99990091 99991509 99991472 99990131 99990365 99990008 99990319 99990052 99991381 99990010 99991219 99990753 99990940 99990218 99990534 99992000 99992044
99990377 99992066 99991356 99991253 99994305 99990333 99991755 99990118 99992939 99990067 99990497 99990317 99990011 99991210 99990002 99991166 99990474 99991031 99990826
99992392 99990246 99991030 99991372 99994733 99992224 99990189 99990018 99990498 99994776 99992038 99993585 99991468 99990451 99990016 99991393 99991994 99991902 99991952
99990136 99990360 99990800 99990128 99990158 99990837 99990850 99990031 99991914 99990002 99990499 99990361 99990216 99990570 99991581 99990201 99990712 99991354 99996214
99992901 99990498 99990558 99990750 99990109 99990925 99994347 99990274 99990454 99990688 99990796 99991335 99991150 99992321 99990072 99990024 99992287 99990432 99994336
99993248 99991073 99991997 99990185 99993314 99990601 99990481 99994021 99990238 99990471 99990046 99991333 99990556 99991343 99994048 99990132 99991477 99990061 99991174
99990125 99991966 99990919 99990066 99991730 99990017 99990036 99990379 99990148 99990321 99991028 99995582 99992238 99990954 99990559 99990003 99991252 99991551 99990355
99990618 99990019 99990261 99990123 99990097 99990247 99991687 99990047 99991109 99990036 99990006 99993440 99991159 99990745 99994715 99990020 99990335 99990763 99990648
99990126 99990189 99991047 99993060 99990208 99990713 99994088 99990106 99993239 99990499 99990067 99991047 99992592 99990245 99992012 99992669 99991310 99990279 99990203
99992618 99991581 99990004 99995728 99990899 99990861 99990037 99991238 99993014 99991090 99991417 99990216 99990302 99990617 99990258 99991654 99992093 99996035 99992330
99994688 99991391 99990027 99990621 99990122 99991296 99990086 99993195 99990051 99990188 99991192 99991554 99990111 99997868 99990212 99991671 99992064 99993374 99991389
