19
99990259 99990186 99990359 99990008 99993039 99990759 99992935 99991311 99991123 99990059 99996308 99991572 99995727 99990056 99992866 99990066 99990481 99990729 99991799
99991218 99991032 99990379 99992129 99992855 99991620 99990813 99991319 99990066 99990041 99992530 99991021 99992162 99990140 99991873 99991192 99990966 99993908 99990263
99992297 99996024 99993152 99990153 99990517 99990210 99992425 99990782 99990537 99990024 99990847 99991452 99990558 99990328 99994319 99990155 99990134 99990297 99990000
99990758 99991324 99990060 99990684 99990000 99992838 99990637 99992480 99993630 99990540 99990167 99990524 99990037 99994601 99990539 99991814 99990030 99990011 99993175
99991298 99990280 99991330 99990188 99990009 99993751 99990080 99991551 99990096 99990072 99990509 99990654 99990061 99992664 99990222 99991705 99990025 99990128 99990088
99999562 99993077 99992034 99991643 99990478 99990015 99992772 99992058 99990065 99991314 99990233 99990372 99992812 99990805 99990335 99993150 99990038 99990024 99990172
99990148 99990127 99990183 99990170 99990008 99990866 99990476 99994743 99990710 99994854 99991551 99992277 99992201 99990497 99990689 99990373 99990924 99991639 99990058
99990620 99990100 99990008 99993168 99990111 99990514 99990856 99996263 99991453 99994972 99990062 99990030 99990322 99990006 99990808 99990232 99991019 99990691 99990103
99990884 99990003 99990524 99990489 99990143 99992498 99992451 99990115 99991435 99994215 99992162 99990451 99990619 99992161 99990036 99990204 99991044 99991645 99990000
99990200 99993472 99992244 99992836 99991029 99991029 99990006 99991282 99991339 99994293 99992745 99991275 99991131 99992033 99990871 99994517 99990795 99990467 99990236
99992710 99998023 99990221 99990881 99992550 99990118 99996562 99992923 99990905 99990438 99991110 99990145 99991798 99991413 99991160 99990140 99995869 99992448 99990384
99990003 99990498 99991189 99990481 99990556 99992863 99990132 99991315 99996112 99990500 99990225 99995917 99990824 99990549 99991475 99994390 99990125 99990271 99992021
99990291 99990801 99990085 99991695 99990018 99994148 99990316 99990204 99990180 99992215 99990027 99994289 99990910 99990851 99990738 99990108 99990395 99991343 99990086
99994160 99990004 99990010 99992527 99990356 99991423 99990058 99990555 99991700 99990038 99990185 99990974 99991838 99990073 99990559 99990403 99990659 99990015 99990287
99994353 99990508 99990265 99991430 99990019 99991802 99990762 99990540 99994494 99993011 99990088 99993255 99990021 99991354 99995739 99992147 99990373 99990071 99990161
99990417 99990589 99993623 99990143 99990302 99990000 99990381 99992575 99993568 99991457 99990617 99991310 99990785 99995315 99992011 99992370 99991981 99990333 99990879
99994273 99991411 99990115 99990899 99990329 99990759 99990409 99990154 99990236 99990192 99990603 99990184 99990188 99990128 99990229 99992421 99993695 99992195 99990668
99991201 99990932 99990153 99992851 99990095 99992202 99992228 99990129 99990037 99990007 99990212 99990164 99990116 99990530 99990349 99990000 99991824 99992580 99990159
99996615 99991393 99990051 99991541 99991580 99990295 99990338 99997266 99993201 99990471 99990029 99990029 99992598 99991802 99990219 99990242 99990551 99990490 99990077
