19
99991367 99990280 99990332 99990178 99990121 99990034 99990091 99990011 99990799 99990126 99992089 99990037 99991986 99991115 99990203 99991035 99991795 99991452 99990650
99990058 99990091 99990155 99990148 99991403 99990093 99990624 99992159 99990038 99990418 99992893 99992997 99991072 99990362 99990279 99990021 99990062 99996164 99993230
99990941 99994253 99992161 99993258 99990149 99991655 99990320 99990082 99990618 99996036 99995408 99991268 99994212 99993145 99995147 99990476 99992336 99990070 99990537
99991163 99990469 99992296 99990012 99990054 99990087 99993622 99993869 99990636 99991295 99991751 99990045 99997042 99990552 99991401 99990552 99992100 99992964 99990071
99990115 99991051 99990790 99990230 99991025 99990736 99990744 99990019 99990590 99993011 99990188 99990168 99993635 99990909 99990123 99990356 99992335 99990415 99993226
99990176 99992331 99990691 99990270 99990195 99990171 99992206 99990449 99990036 99990102 99990716 99990422 99990005 99990559 99990074 99992627 99990022 99990454 99990941
99994092 99990070 99990333 99990836 99990076 99990020 99992085 99990785 99994017 99990053 99990109 99993488 99990004 99990008 99992395 99997285 99990365 99991013 99990065
99992696 99990520 99990836 99990266 99991981 99990559 99992667 99990450 99990410 99990017 99990210 99993318 99990582 99992306 99992095 99990048 99991373 99990598 99993303
99990763 99990931 99990143 99990778 99990210 99992961 99993026 99990013 99990106 99990713 99990073 99992912 99990059 99991007 99990900 99994796 99990998 99990448 99991113
99990031 99990032 99993171 99993484 99990177 99990239 99991108 99990014 99990762 99991613 99990861 99990179 99990443 99990115 99990286 99990171 99991247 99990804 99991124
99991909 99991491 99992962 99994183 99990194 99991558 99993172 99990743 99991642 99992065 99990238 99990598 99990045 99990046 99991491 99990926 99991887 99990545 99993506
99990523 99990517 99990028 99990002 99990903 99992010 99990411 99990830 99990904 99992542 99990598 99990135 99990112 99991137 99990608 99991034 99990914 99995478 99992772
99992491 99990603 99991032 99990143 99993661 99990511 99993654 99990151 99992899 99991192 99991947 99990040 99993635 99991441 99990322 99990372 99991598 99990880 99990024
99990613 99990624 99990631 99991436 99993080 99991942 99990759 99990753 99994035 99990119 99990866 99991167 99990885 99996435 99990047 99990922 99990028 99990032 99990196
99990220 99990074 99990877 99990030 99990099 99990269 99990015 99991546 99990003 99991306 99990056 99990626 99994637 99990009 99990064 99991257 99990645 99991766 99993833
99990178 99990599 99990217 99991120 99990507 99990137 99990922 99990091 99991315 99992119 99990012 99991880 99995402 99990026 99990139 99990176 99990952 99990532 99991606
99990023 99990888 99990612 99993124 99990216 99990131 99990336 99991565 99991846 99990235 99990019 99990307 99991696 99990590 99990087 99992004 99991581 99991638 99992152
99990187 99995334 99992480 99990359 99990238 99992939 99990071 99990428 99993490 99990021 99990105 99990713 99990002 99990140 99990775 99990004 99991187 99990186 99990323
99990188 99990705 99991085 99993361 99990455 99990369 99990214 99991555 99990615 99990046 99992889 99990272 99990153 99990146 99990315 99991458 99991728 99991526 99991783
