19
99990005 99990104 99990225 99991492 99990565 99991070 99990871 99990998 99990095 99990041 99990266 99990097 99990540 99992301 99991335 99990871 99992439 99990327 99990039
99992772 99993799 99991517 99992750 99990383 99991836 99994631 99991484 99990096 99991201 99990003 99991588 99990334 99991046 99990294 99990003 99990048 99991825 99990604
99990549 99991858 99993079 99990582 99992941 99990105 99996422 99991609 99990473 99990702 99991500 99995314 99993161 99990038 99990069 99992642 99990909 99992657 99992853
99990144 99994482 99990020 99990336 99990516 99990404 99994049 99991053 99990754 99990024 99990117 99991711 99990013 99990154 99990001 99993337 99992288 99990756 99990039
99992825 99990043 99990007 99990829 99990520 99991715 99990434 99990204 99990453 99993559 99991266 99990128 99992315 99990262 99990191 99992749 99995421 99990278 99990323
99990130 99990263 99991435 99990472 99991488 99990188 99992127 99991643 99990679 99990044 99990158 99990250 99990677 99993788 99990678 99990580 99990010 99990433 99990099
99990025 99990808 99991851 99991463 99991427 99990221 99990376 99990324 99990996 99991015 99993267 99991285 99990249 99990321 99990059 99991420 99991212 99991694 99990146
99990293 99991018 99990314 99994207 99990885 99991774 99990035 99992593 99990054 99990493 99990432 99990076 99990026 99991069 99991071 99994520 99991489 99990495 99991429
99993547 99990249 99990303 99995329 99990425 99990026 99990048 99990679 99990022 99991108 99990237 99990095 99990039 99991487 99990091 99990036 99990250 99990769 99990732
99990342 99990058 99990058 99991847 99990094 99990270 99990010 99990726 99997851 99991767 99992510 99990049 99992731 99990108 99991259 99990074 99990178 99990045 99990014
99990159 99996039 99990984 99991051 99990325 99990442 99993841 99990108 99990540 99990097 99990054 99990229 99990803 99990064 99992613 99991979 99993458 99991182 99992283
99990985 99993649 99991799 99995958 99990011 99991607 99992377 99990960 99990833 99992304 99990247 99990700 99990016 99990660 99990026 99990114 99991809 99990585 99990478
99990402 99990771 99990383 99991683 99990087 99990484 99991844 99990524 99990101 99990712 99990516 99990016 99990004 99990243 99992896 99991910 99991512 99990259 99990587
99990064 99990021 99990723 99990327 99990255 99990571 99990516 99993412 99991736 99991961 99990351 99990251 99992416 99990167 99991598 99994285 99992789 99990536 99990057
99991144 99991834 99990179 99990204 99990469 99996431 99990925 99990760 99996787 99991470 99991334 99990360 99990474 99990360 99990773 99993006 99990626 99990747 99990140
99994462 99991435 99992350 99994149 99990470 99990036 99990781 99990088 99990481 99991387 99992570 99991151 99990024 99990681 99990173 99991311 99991148 99990041 99990718
99995384 99990791 99990500 99990066 99991681 99995006 99990455 99991571 99992592 99991524 99992134 99991893 99990569 99990519 99992453 99991072 99990437 99993883 99990018
99993515 99990919 99991826 99992951 99990611 99990000 99992659 99993195 99990819 99990081 99991331 99990168 99990148 99990199 99993126 99992585 99990976 99991529 99991376
99990149 99990273 99990089 99990007 99991795 99991084 99992170 99990835 99994661 99991822 99990005 99993979 99994297 99990169 99990191 99990091 99990293 99990007 99990789
