19
99990022 99990464 99990047 99993133 99994456 99990020 99991351 99993798 99993466 99990529 99991025 99990064 99993676 99991584 99990736 99990144 99990913 99992944 99990051
99992234 99990518 99992022 99991034 99991883 99991943 99991417 99995061 99991327 99990077 99990350 99990024 99990008 99990085 99990304 99990159 99990295 99990048 99990950
99990322 99990449 99990429 99990171 99990285 99990243 99991081 99991199 99990185 99993620 99990517 99991576 99991558 99991770 99990501 99990187 99991193 99990014 99991662
99990010 99990018 99991918 99990554 99990275 99996573 99993805 99990951 99991223 99991194 99990352 99990341 99991235 99991361 99990356 99990035 99990399 99990167 99990601
99990003 99990047 99990047 99991536 99990749 99991408 99990809 99990171 99992452 99990427 99990872 99990441 99990110 99990548 99990094 99995053 99990187 99995197 99990603
99990382 99993965 99990141 99990462 99992434 99990166 99990678 99990756 99990043 99991460 99990876 99991953 99990522 99993042 99991851 99990582 99990426 99990039 99990075
99991798 99994696 99991742 99990206 99995645 99990014 99990008 99990849 99996413 99991582 99990115 99990278 99990270 99991479 99991619 99991430 99990888 99994179 99990469
99990387 99995395 99990549 99990799 99992124 99993937 99991522 99990078 99990811 99992008 99990082 99990072 99992310 99992777 99992823 99990667 99991519 99990007 99994497
99991056 99990061 99990806 99991374 99990034 99991138 99990901 99990341 99990190 99992042 99990893 99990344 99990038 99990180 99990275 99990657 99990323 99990824 99990057
99990100 99992342 99991984 99991461 99991537 99990168 99995745 99990048 99991627 99995631 99993041 99990240 99990482 99991784 99994881 99990369 99991486 99990241 99991554
99990328 99990342 99990401 99990435 99992939 99992250 99990639 99992231 99994237 99991802 99992466 99991014 99992934 99990905 99990048 99996224 99995686 99990226 99991246
99990766 99991538 99990022 99990129 99990056 99990664 99990987 99990001 99990689 99990020 99993107 99990673 99991378 99991639 99990419 99990015 99993040 99992484 99990014
99990095 99992157 99992034 99991143 99994091 99990416 99990039 99990814 99990375 99990500 99991940 99991689 99990281 99990169 99991997 99990509 99990005 99990853 99990302
99991468 99991698 99991561 99990059 99994574 99991096 99990028 99990380 99991093 99990332 99990193 99990074 99990384 99990356 99990580 99990534 99990153 99991233 99990192
99990163 99990696 99990752 99998230 99994229 99990401 99990439 99995344 99990188 99990017 99990936 99990097 99990133 99990175 99990188 99990095 99990639 99990105 99990370
99990007 99990870 99992948 99991285 99993132 99992618 99990570 99990266 99990025 99993474 99990866 99991296 99990538 99990012 99990749 99991455 99994935 99991847 99990008
99991240 99990356 99990387 99992083 99990824 99990076 99990359 99991881 99990191 99990430 99990140 99991672 99991167 99990549 99990115 99991877 99993647 99990055 99991328
99990156 99990007 99990156 99990450 99990667 99991790 99991184 99990660 99990207 99990464 99990262 99993279 99992109 99991290 99990486 99990049 99990202 99991725 99990483
99990475 99992172 99992072 99994409 99990989 99996028 99990014 99991002 99992675 99990770 99990510 99990503 99991342 99990261 99990603 99991470 99990262 99990332 99990361
