19
99990407 99990071 99990737 99990083 99990330 99990013 99992843 99990080 99992261 99990950 99991786 99990434 99990979 99991840 99990021 99990085 99991977 99990324 99991070
99991990 99990050 99990134 99990405 99991002 99990224 99991047 99991671 99992957 99994547 99990537 99993829 99990628 99992538 99992199 99990831 99991021 99990675 99992085
99990167 99990573 99995974 99991011 99990179 99990032 99990780 99990061 99990099 99993046 99991224 99991434 99990211 99990091 99992058 99991332 99990663 99990014 99990115
99990260 99990057 99990330 99992272 99996699 99991607 99990047 99991420 99990785 99992462 99990773 99990297 99990321 99990721 99992156 99991530 99990147 99991937 99994812
99994484 99993317 99990006 99990835 99991932 99990000 99990002 99991043 99990089 99990092 99990320 99990001 99990172 99990002 99993455 99992183 99990018 99993050 99990426
99990980 99991810 99991531 99990219 99990653 99991820 99990348 99992878 99990369 99990511 99991187 99990982 99990629 99991148 99991488 99990819 99990217 99990644 99991227
99990797 99990353 99990049 99991766 99990501 99991418 99990044 99991475 99990691 99991912 99990249 99994844 99992024 99990204 99991230 99991931 99990152 99990472 99990676
99990159 99991383 99991321 99992586 99991579 99991674 99990722 99991233 99990481 99990248 99990151 99991092 99990008 99990467 99990960 99990230 99992257 99990872 99990595
99990274 99990041 99990175 99990002 99990992 99991793 99990029 99990278 99992081 99990107 99990420 99993656 99991792 99990529 99991076 99993844 99990002 99990453 99993185
99990038 99990728 99990052 99990683 99990094 99990772 99990242 99990306 99990932 99990558 99993181 99990409 99992767 99990777 99990997 99990151 99990956 99991998 99993266
99990080 99993323 99990021 99990103 99990506 99990184 99991015 99990371 99990188 99991047 99990400 99990203 99991461 99990297 99990054 99990110 99990704 99990287 99990068
99990630 99991236 99990046 99990119 99995270 99991035 99992527 99990294 99991434 99990014 99990350 99991470 99990009 99990313 99990086 99991011 99990510 99990441 99990770
99993670 99990212 99992180 99991762 99994128 99990561 99990840 99990531 99990675 99990973 99990002 99990019 99990396 99997112 99990865 99994059 99990279 99990008 99992873
99991784 99990110 99991540 99991338 99990067 99990391 99990001 99990121 99991991 99991859 99990304 99994172 99990966 99990370 99990379 99990007 99990272 99990019 99996725
99990028 99990194 99990784 99990873 99991039 99991489 99992209 99991459 99990927 99990513 99990617 99990588 99990080 99991992 99990530 99990337 99990144 99992420 99991612
99990290 99990859 99991796 99992611 99991749 99990261 99991970 99990506 99990083 99992987 99993474 99992165 99990157 99993410 99990499 99990259 99990011 99991938 99991250
99993703 99990558 99992692 99993105 99990873 99992697 99992089 99993899 99992198 99992388 99990181 99994041 99991005 99991844 99990801 99992189 99995725 99990593 99992148
99990642 99990190 99990175 99990012 99991700 99990176 99993926 99992121 99991387 99990018 99990623 99990304 99990093 99993412 99990008 99991125 99990466 99990578 99990808
99991858 99991097 99992442 99996922 99990061 99991435 99990470 99990041 99990260 99990120 99990020 99990956 99993244 99990467 99992771 99990005 99990355 99990526 99990383
