19
99992007 99990603 99990490 99991296 99991592 99991959 99992048 99991239 99990057 99990332 99990545 99993120 99990214 99995061 99993301 99990824 99990132 99992651 99990647
99991737 99990054 99990680 99994466 99990993 99990104 99991431 99991942 99990435 99990021 99994695 99993790 99990221 99990361 99991083 99991307 99990251 99990445 99992034
99991249 99990534 99990094 99990227 99991936 99990548 99990940 99992346 99990460 99993666 99990894 99992602 99991669 99991275 99991385 99990257 99995117 99990044 99996544
99995353 99990417 99990994 99995687 99997016 99990702 99990020 99993825 99990079 99993587 99990529 99991105 99993908 99990399 99990138 99995150 99993434 99990216 99990098
99990011 99990571 99990173 99990864 99990872 99991590 99990052 99993092 99990326 99990928 99990011 99992354 99990001 99991687 99990219 99991415 99990208 99990018 99994631
99990088 99990443 99991739 99990196 99990871 99990723 99993162 99990669 99990102 99990720 99991137 99990228 99990206 99994811 99990763 99990129 99990028 99991968 99990103
99991293 99991013 99990025 99990109 99990001 99991447 99993904 99990899 99992578 99990818 99990055 99994010 99992692 99990022 99990123 99990109 99990073 99992766 99991229
99991585 99990059 99990023 99992489 99990481 99990234 99990861 99991524 99990198 99990053 99990097 99993616 99990079 99990244 99991402 99990430 99990361 99990064 99992335
99990018 99990676 99990707 99990359 99990340 99990346 99990181 99993043 99990260 99990311 99990238 99991167 99997982 99991675 99990609 99991001 99990105 99990239 99990080
99990511 99993882 99991970 99990027 99997863 99990005 99990758 99990591 99990487 99990362 99990168 99990004 99992330 99990169 99992281 99997684 99992164 99990124 99991158
99990302 99990112 99991223 99990213 99990339 99990852 99992094 99991561 99991938 99990566 99990751 99992670 99990401 99993951 99990314 99990305 99992240 99990052 99990512
99990410 99993300 99992497 99990246 99990668 99990018 99993580 99991016 99990608 99990121 99991932 99991798 99990312 99990604 99991832 99990036 99990241 99990038 99991909
99993682 99992148 99990162 99990541 99990832 99990015 99993095 99994085 99990796 99991826 99990003 99990184 99990477 99990119 99995367 99991394 99990162 99990348 99993117
99990468 99991579 99990023 99990105 99991958 99993451 99990021 99994969 99990034 99990400 99992985 99993190 99990051 99990349 99990771 99990717 99990288 99990704 99990378
99990294 99990452 99992323 99990017 99991995 99990656 99990685 99990228 99993351 99991813 99992809 99990055 99990020 99990145 99991230 99990182 99991801 99991075 99990894
99990354 99990616 99994321 99991837 99990043 99995031 99990780 99990097 99990274 99990188 99990679 99995509 99990002 99990764 99990234 99990073 99990476 99992395 99991485
99990651 99990088 99990273 99990832 99990363 99990113 99991459 99990681 99990494 99996504 99991787 99990298 99991674 99996900 99992544 99990023 99991459 99990275 99990078
99991317 99991440 99992854 99991028 99990743 99995588 99990238 99992604 99990149 99990043 99990000 99990080 99990289 99992526 99990044 99992090 99990030 99990316 99990047
99990217 99990045 99992122 99997178 99993193 99990016 99990222 99990525 99991304 99990554 99996324 99990019 99990356 99990733 99990218 99990076 99992472 99990601 99991202
