19
99991855 99990323 99990072 99990088 99990435 99991437 99990321 99991330 99993481 99994989 99990297 99992940 99992817 99990693 99991482 99990500 99991323 99990715 99992552
99991615 99990338 99990094 99990689 99990008 99995083 99990830 99990177 99993316 99990052 99990054 99993101 99990090 99990407 99990807 99990816 99990680 99990291 99991180
99990739 99991970 99993618 99990133 99992504 99990101 99990472 99990258 99990057 99991027 99990321 99990521 99992882 99992096 99990425 99990675 99990271 99996447 99993301
99992129 99990063 99990180 99994635 99990088 99991945 99993962 99990138 99990479 99994771 99990126 99990092 99990028 99990366 99992049 99994017 99990350 99990923 99992526
99990090 99990077 99991554 99990077 99990770 99991236 99990866 99990051 99992538 99990069 99991532 99990175 99991923 99990372 99993274 99992143 99990161 99992098 99990054
99991408 99990021 99993385 99990456 99992649 99990761 99992465 99990013 99993731 99990058 99993012 99990365 99991295 99991012 99990783 99990006 99990001 99990159 99990473
99992378 99994071 99990099 99990954 99990878 99990669 99991095 99994104 99992666 99994347 99990027 99990540 99990019 99992839 99990070 99991297 99990451 99993891 99990390
99993758 99993606 99990031 99990930 99991355 99990040 99992152 99991820 99990006 99990916 99992491 99990634 99990517 99992228 99991772 99990028 99990679 99991446 99990908
99990334 99990051 99990152 99991071 99996098 99990564 99990880 99990014 99990609 99990014 99991053 99995007 99991191 99991062 99990476 99990044 99990433 99991365 99991458
99990063 99991336 99990029 99994087 99990236 99990304 99992611 99990294 99990024 99990834 99991478 99990684 99990083 99990472 99990237 99992384 99990251 99990551 99990025
99990668 99993146 99990636 99990656 99992129 99992340 99992914 99991507 99990450 99990014 99990758 99993415 99992123 99993407 99990154 99990824 99990060 99990701 99992148
99990147 99990980 99991192 99994730 99992628 99992037 99992396 99991967 99990013 99992843 99990240 99992361 99990507 99996263 99995806 99990186 99991486 99991596 99990919
99992181 99990687 99991375 99990248 99990254 99991162 99990356 99990340 99990469 99993630 99990293 99991312 99991756 99993155 99990324 99990242 99993768 99990971 99990902
99990114 99992451 99990168 99990886 99990022 99993291 99990013 99995887 99990936 99990308 99992746 99990566 99993039 99990019 99990003 99991638 99990657 99990329 99991200
99990491 99990117 99993708 99990079 99990650 99993223 99990140 99992276 99990451 99991037 99990358 99991066 99991006 99994390 99992071 99990063 99990471 99992496 99990108
99991504 99990174 99991527 99993403 99991120 99993818 99990321 99990049 99990014 99995469 99994139 99993011 99990520 99990065 99990001 99992127 99990036 99991878 99990165
99990308 99990202 99990462 99991956 99996956 99996132 99990591 99990157 99991434 99990043 99990047 99991074 99990106 99991181 99991030 99993982 99990244 99992766 99990223
99993172 99990652 99990009 99990196 99990029 99990294 99990278 99991513 99990074 99991322 99992430 99990940 99990070 99995481 99991295 99992162 99990091 99995947 99991193
99992285 99992503 99990414 99991090 99991969 99990131 99990335 99990116 99992469 99992984 99993888 99990572 99990576 99990122 99990441 99990127 99991906 99990134 99990940
