19
99990176 99991937 99990577 99990986 99990582 99992578 99990026 99991554 99990939 99990161 99990001 99995270 99990239 99990006 99994342 99990730 99992024 99990340 99990017
99990458 99990256 99990207 99992086 99990056 99990047 99990625 99992418 99994621 99991058 99991320 99990590 99991282 99990615 99990109 99990145 99990868 99990591 99990061
99990295 99990983 99990041 99991925 99990174 99992631 99991989 99990591 99991555 99991792 99990113 99990032 99990058 99990099 99991530 99990239 99990317 99990137 99990083
99990635 99990134 99990245 99990922 99992905 99990175 99990601 99990166 99991792 99994896 99990210 99991690 99990166 99996728 99991569 99990271 99990788 99994946 99995163
99990808 99990367 99990438 99992740 99993554 99990009 99990072 99990041 99991806 99990011 99990637 99990021 99990779 99990096 99990723 99991290 99990892 99990444 99990082
99990757 99990181 99990312 99990267 99990108 99991672 99992330 99993572 99990451 99993559 99990346 99990153 99991362 99990416 99990397 99990412 99990379 99991539 99991579
99992392 99991249 99990579 99990156 99990390 99990080 99990005 99990356 99990279 99991380 99991038 99991019 99991912 99990195 99991344 99990468 99993021 99990194 99990129
99992192 99990033 99991456 99992062 99992101 99992354 99991053 99993982 99990214 99992180 99992570 99992746 99990985 99990724 99990370 99990699 99990264 99991115 99990055
99990032 99990451 99990018 99991154 99990760 99993209 99991781 99990441 99993728 99990017 99990733 99990841 99990007 99994581 99990815 99990631 99990620 99992994 99990692
99990140 99991800 99993942 99990201 99991877 99990014 99993131 99990626 99990055 99992114 99990444 99990161 99990005 99990524 99990310 99990837 99993473 99990328 99993774
99990591 99990911 99990818 99990108 99990366 99990087 99995782 99990099 99990367 99990643 99990134 99990141 99991097 99991561 99990725 99990502 99990231 99990001 99991265
99991070 99990028 99994298 99990309 99990840 99992602 99990077 99992759 99994146 99990519 99992907 99990480 99990214 99991563 99990818 99992349 99990088 99991072 99990073
99990476 99992303 99990313 99991364 99990090 99990034 99990237 99990098 99990559 99990027 99990012 99990834 99990993 99991006 99990788 99990308 99990004 99991105 99992404
99991231 99990326 99991433 99993772 99990071 99992447 99990071 99990387 99990289 99991799 99993737 99990730 99990983 99992223 99992903 99992133 99990879 99994524 99991460
99990644 99990005 99990660 99992599 99993136 99993509 99993411 99990475 99993554 99990080 99990101 99990163 99990537 99990966 99990820 99990727 99993338 99990009 99990759
99990902 99990085 99992062 99991136 99991433 99990010 99992057 99990395 99990318 99993535 99990313 99991249 99990073 99990023 99991542 99991889 99990648 99991294 99990059
99992050 99990986 99991000 99990852 99991064 99990450 99990617 99990608 99990018 99990305 99990642 99992319 99992813 99990271 99990517 99990296 99990472 99990615 99991854
99993846 99990524 99993829 99990230 99990185 99990228 99990143 99990175 99990176 99991404 99990031 99991361 99992531 99991140 99990600 99991938 99991342 99991033 99990250
99990132 99991672 99992145 99990243 99992936 99991371 99991270 99990721 99995930 99991072 99993344 99990091 99992587 99994959 99990405 99990163 99996044 99991123 99990740
