19
99991239 99994374 99990037 99990213 99992173 99991834 99993080 99990445 99990736 99990527 99990863 99990547 99990581 99990001 99990267 99996120 99990211 99990288 99991086
99990230 99990056 99992172 99992178 99990093 99990316 99990549 99990025 99990005 99991356 99994491 99990563 99990463 99990430 99991182 99990008 99990520 99990252 99990287
99992924 99990285 99991957 99990010 99991922 99990033 99990352 99990909 99990191 99990083 99993108 99990578 99990170 99990187 99991643 99990014 99992456 99990915 99992172
99990764 99990007 99992317 99991354 99990014 99991864 99990154 99991002 99993183 99992932 99991216 99990336 99990899 99990693 99991033 99990365 99991294 99991104 99991451
99990902 99990162 99991567 99990398 99991094 99992889 99992722 99990202 99992193 99993048 99993988 99990008 99991980 99990417 99990957 99990398 99993323 99990880 99992482
99991854 99992390 99990067 99992561 99990066 99990324 99990974 99990158 99990000 99990092 99990524 99992017 99990188 99990657 99991469 99991299 99992231 99990238 99993415
99995594 99991106 99990873 99991024 99990018 99991721 99991365 99991944 99990891 99993510 99991474 99990161 99990015 99991382 99990922 99990004 99991321 99990493 99990698
99991010 99990036 99990136 99990062 99990495 99991071 99990585 99990011 99990065 99993553 99990481 99991337 99994386 99990154 99990054 99991577 99990799 99991621 99990378
99991582 99991301 99992896 99990980 99991290 99990361 99990549 99991306 99990331 99990788 99993191 99990359 99990080 99990502 99990116 99996445 99991869 99990047 99992579
99990039 99990094 99995440 99992123 99990155 99991164 99990292 99992083 99990089 99990615 99991150 99990106 99991988 99990192 99991452 99991068 99990555 99990087 99990005
99992854 99990005 99990445 99990790 99990133 99992078 99990914 99991367 99996575 99990728 99990681 99991805 99992202 99990075 99992370 99990620 99990248 99991487 99990073
99990348 99991609 99994075 99990013 99991493 99991133 99992079 99990101 99990157 99990202 99992036 99990011 99990020 99990399 99990055 99990375 99990871 99996406 99992080
99990708 99990936 99990682 99990008 99990004 99990061 99990167 99990051 99990246 99990182 99998159 99996993 99990690 99990005 99996307 99990766 99990376 99991269 99992022
99990099 99990697 99990830 99994570 99997663 99991405 99992661 99991041 99991106 99991318 99990174 99990026 99990237 99991481 99990424 99990161 99990110 99990077 99990203
99992183 99990479 99990000 99991143 99990594 99991315 99991333 99990658 99990222 99990914 99994553 99994773 99991175 99992636 99990034 99990230 99990071 99991494 99991953
99991667 99991067 99990662 99990039 99990069 99992139 99990046 99990015 99991371 99990792 99994063 99992001 99990092 99992137 99990753 99990587 99992857 99990080 99991062
99990194 99996252 99990574 99990288 99991341 99990129 99991630 99990011 99990618 99991733 99992124 99990687 99990286 99990887 99990176 99990122 99990401 99990003 99994403
99992045 99990271 99990050 99991897 99995789 99991049 99990134 99990630 99992024 99990605 99990688 99990257 99993955 99990687 99990111 99991681 99992277 99994890 99990027
99990109 99990881 99992971 99990024 99990222 99991417 99990004 99991070 99992366 99990799 99991941 99991077 99995124 99990855 99991175 99993378 99990045 99990675 99990008
