19
99990227 99990382 99990383 99990348 99991404 99990005 99990067 99994367 99990050 99990013 99990007 99990842 99990982 99990329 99991306 99991764 99990240 99990273 99992600
99990138 99990176 99990030 99990021 99990259 99992674 99990145 99990570 99991041 99990884 99990589 99990511 99995753 99996216 99993292 99991580 99992040 99990163 99990105
99990700 99990641 99990268 99993884 99991762 99990044 99991109 99997537 99992449 99990097 99992620 99990209 99991404 99991462 99990007 99990366 99990008 99993395 99992447
99990149 99993605 99990116 99990112 99991121 99990051 99990217 99993094 99990700 99990011 99990039 99991623 99991172 99990174 99990604 99990046 99990863 99991867 99990109
99990007 99990492 99990332 99990329 99993731 99992328 99990104 99990534 99990619 99990132 99991715 99990440 99990035 99995279 99990277 99994070 99990100 99990536 99993501
99990022 99990106 99990103 99998314 99990201 99990151 99990020 99990425 99990941 99991177 99990236 99996967 99990157 99990000 99991144 99992278 99992036 99990350 99991239
99990153 99990254 99990047 99991557 99990089 99992194 99990155 99992341 99990033 99990280 99990470 99993567 99990483 99990826 99990312 99990027 99990014 99990169 99991667
99990020 99990855 99991307 99990862 99990127 99991930 99990266 99992379 99990006 99990490 99990324 99990321 99990452 99991283 99993352 99990334 99992071 99990147 99998010
99990523 99990023 99991733 99990771 99990155 99991850 99990744 99990320 99990591 99990171 99990042 99995153 99990066 99990023 99990006 99990731 99992739 99990655 99990355
99990322 99991360 99990026 99990876 99990117 99990190 99991593 99992768 99990648 99990097 99990053 99990228 99990489 99990823 99990037 99990008 99990830 99992076 99996388
99994053 99992567 99990022 99991371 99991073 99990146 99990870 99995734 99990259 99992460 99990108 99990228 99990377 99993325 99990132 99991715 99990163 99990826 99990615
99994263 99994712 99990428 99991069 99990679 99994443 99990719 99991024 99990364 99990122 99992381 99990096 99990045 99990751 99991935 99990657 99990065 99991292 99991320
99990238 99990670 99990648 99991934 99991838 99993533 99991761 99991689 99990428 99990043 99990884 99993130 99990048 99991119 99992181 99996168 99991026 99990072 99991387
99990189 99990257 99990569 99990216 99990814 99990369 99990326 99991579 99990170 99991965 99990049 99990508 99990706 99996618 99991280 99990783 99990034 99990039 99991309
99992066 99990210 99993252 99990465 99990051 99990039 99991004 99996095 99992840 99990265 99995541 99990796 99990880 99990272 99990028 99991041 99991462 99991333 99993838
99991583 99990150 99990264 99990008 99990247 99990026 99990209 99992023 99991612 99990368 99990861 99990050 99993423 99990006 99995585 99990289 99990498 99990189 99990844
99990553 99990915 99991008 99990513 99990553 99990739 99991237 99994409 99991094 99991076 99990157 99991998 99991706 99997695 99990397 99991975 99994865 99990020 99993533
99991145 99990032 99990004 99993387 99991321 99992195 99990187 99991551 99990250 99990410 99990593 99991317 99990029 99990015 99991230 99997235 99990279 99991834 99992394
99991465 99993289 99992532 99992441 99992237 99990266 99990636 99990828 99990764 99994364 99990416 99990351 99990257 99994503 99990323 99990000 99990192 99991263 99992090
