19
99992208 99990096 99991195 99990005 99990168 99992453 99990007 99990874 99992027 99990701 99990463 99990048 99990315 99990300 99990005 99990032 99990233 99991212 99991101
99991181 99990048 99990236 99990013 99990019 99991426 99990377 99990759 99990125 99993378 99990314 99995019 99991049 99990458 99990042 99991319 99991640 99990040 99990409
99991774 99990150 99993512 99992210 99990236 99992304 99995999 99991099 99993392 99990416 99990617 99991781 99990156 99990379 99990563 99990355 99990542 99990330 99990780
99991116 99992948 99992891 99991003 99990122 99991262 99990049 99990729 99990000 99990198 99996501 99991049 99990024 99990236 99991575 99992136 99990664 99990614 99991794
99990587 99993662 99991593 99990731 99990015 99990218 99990032 99990080 99990807 99992359 99991949 99990356 99990641 99993344 99991890 99991431 99991971 99990096 99990855
99992457 99991544 99990499 99990039 99990267 99991058 99990182 99990624 99990249 99991989 99990433 99992054 99992189 99990055 99991945 99990694 99990038 99990135 99994808
99990657 99990381 99993756 99991566 99992799 99998282 99990452 99990594 99990313 99993771 99990655 99990960 99992626 99990690 99993628 99990136 99990076 99992969 99990591
99990023 99991229 99990058 99991959 99992766 99991578 99990032 99990874 99991375 99990067 99991167 99990048 99991543 99990460 99990254 99990041 99990084 99992864 99990550
99993270 99991927 99990047 99993028 99990356 99992707 99990497 99992752 99990034 99992864 99991242 99990010 99990522 99990033 99990026 99993509 99993578 99991834 99990197
99993752 99990167 99990127 99990209 99991593 99990175 99992626 99990393 99993010 99990860 99992489 99993783 99990001 99990860 99990036 99990030 99991243 99992754 99990495
99997171 99990556 99991111 99991554 99991448 99993778 99991161 99990471 99991556 99990021 99990349 99990467 99993742 99990560 99990201 99990021 99992318 99990456 99991060
99993916 99990052 99990052 99993245 99991013 99990036 99992899 99990002 99990207 99991821 99990114 99992898 99991511 99990014 99990146 99990333 99990172 99990037 99995946
99990237 99991813 99990031 99992488 99990598 99993177 99991977 99990539 99990748 99990181 99990009 99991527 99990295 99990378 99992548 99990255 99990168 99990527 99990716
99991659 99991824 99991304 99990873 99992494 99990945 99990355 99991329 99991087 99990253 99990215 99990328 99990790 99990447 99990156 99990189 99990304 99990091 99990073
99990737 99991115 99990974 99990859 99993148 99990239 99991094 99990301 99990097 99990626 99990005 99990221 99990401 99990221 99990174 99990867 99990320 99990508 99991555
99992729 99990133 99990320 99990515 99990021 99990160 99996651 99990003 99990027 99990095 99990003 99991048 99990051 99990134 99990021 99996479 99990010 99990114 99990093
99991202 99990246 99991703 99990817 99990201 99990015 99990430 99990129 99990008 99991488 99990111 99993654 99990135 99993286 99990080 99990312 99990847 99990062 99990388
99990041 99990363 99994489 99991823 99991783 99992418 99991823 99993694 99990462 99992234 99991593 99990280 99990151 99990181 99990625 99990262 99992509 99990061 99991164
99990108 99990098 99990109 99990097 99994046 99990118 99995672 99990255 99990919 99990177 99990816 99990268 99990751 99991040 99990165 99992916 99993649 99991325 99990474
