19
99991204 99993054 99990416 99990056 99990665 99990456 99994527 99990089 99990344 99991250 99990348 99992633 99991472 99990004 99991036 99990394 99996374 99990250 99990138
99991816 99991681 99993128 99990735 99991918 99990169 99991140 99990376 99990005 99990290 99993904 99990688 99990168 99990645 99990008 99990109 99990453 99991216 99990505
99996939 99994340 99991546 99990029 99993210 99991755 99992060 99990529 99993470 99990553 99991482 99990677 99990577 99992547 99990118 99992196 99990065 99990291 99990517
99990236 99990050 99991189 99990902 99990058 99990400 99993735 99990079 99994506 99990116 99990268 99991215 99994385 99991051 99990142 99991752 99990333 99990438 99990018
99990342 99990722 99990084 99990233 99993454 99990396 99991655 99990023 99991956 99990576 99990539 99990706 99991368 99990230 99992030 99992796 99990060 99990466 99990054
99991106 99991809 99990047 99990131 99990973 99990449 99990955 99990153 99990224 99990095 99990096 99992465 99990023 99990084 99990269 99990561 99992723 99991171 99990608
99990075 99991509 99992758 99991492 99990021 99993287 99990025 99997196 99991995 99990699 99993583 99990054 99990919 99992282 99990006 99990583 99992077 99992857 99990113
99994720 99990326 99990343 99990014 99990110 99991752 99990183 99996474 99990182 99993514 99991908 99990209 99991316 99990353 99990097 99990490 99994434 99990027 99990458
99990459 99993475 99993256 99992524 99992413 99990158 99991177 99992161 99995449 99993067 99992545 99991231 99990434 99991071 99990177 99991494 99990564 99990030 99990341
99990269 99990114 99990419 99990767 99990543 99992317 99990046 99990037 99990551 99990015 99993172 99993242 99990872 99990228 99991261 99990010 99993474 99990148 99990038
99990046 99991018 99990175 99990266 99994877 99991136 99993002 99990099 99993134 99991785 99990742 99990409 99991486 99990193 99990317 99994138 99992327 99990015 99991336
99994128 99990051 99990349 99991721 99992296 99990401 99991466 99993374 99991363 99990170 99990002 99990606 99990301 99991798 99991127 99990388 99992554 99990037 99990256
99990898 99990109 99990455 99993610 99990024 99990410 99997288 99990328 99990244 99991362 99990698 99990501 99990012 99991555 99990003 99991188 99992464 99990155 99995498
99995854 99994054 99990926 99990864 99992958 99990331 99992753 99993295 99990230 99990615 99990672 99990061 99991918 99990889 99990017 99992604 99991297 99990009 99990634
99991426 99990186 99990246 99990289 99991481 99995378 99990233 99990411 99991165 99992262 99991191 99990319 99993379 99993765 99990432 99990589 99990622 99990059 99995389
99990526 99990172 99990144 99990016 99990626 99990624 99990768 99993687 99990562 99990240 99995859 99991285 99990153 99990853 99994284 99993986 99991085 99991624 99990504
99990022 99992286 99997799 99992860 99991940 99990463 99990555 99991890 99990558 99992363 99991356 99990719 99990473 99991074 99990024 99990658 99990044 99990154 99990930
99993361 99991047 99991872 99990750 99993548 99992335 99990598 99990481 99990198 99990916 99990027 99990111 99990232 99991991 99990012 99990553 99990182 99990009 99990209
99990292 99990574 99990322 99991565 99995779 99990685 99990567 99992674 99990019 99990063 99990024 99990441 99990090 99990199 99991723 99991561 99990205 99990711 99990003
