19
99990102 99992143 99990031 99990533 99990426 99990694 99991389 99994442 99990667 99991255 99991515 99990860 99990502 99990114 99991076 99990358 99990311 99990503 99990465
99991660 99991478 99991885 99994449 99990117 99990116 99993292 99990511 99996785 99990052 99992009 99990423 99990472 99991262 99990212 99990021 99992521 99990065 99991675
99990623 99991188 99992578 99990426 99991810 99991855 99991241 99990160 99990101 99990435 99991871 99990285 99990013 99990333 99992950 99992669 99991414 99990163 99992985
99990439 99990001 99990095 99990418 99997935 99991718 99991541 99992630 99990501 99990449 99993533 99990288 99990611 99991017 99990150 99990181 99994353 99990179 99992017
99994374 99990134 99990289 99990534 99991166 99990093 99997414 99991564 99990205 99990273 99990573 99992028 99990170 99993988 99990256 99990988 99990018 99994190 99990000
99990291 99990189 99990023 99991966 99990711 99993390 99991654 99990252 99991841 99990177 99990587 99990028 99990235 99992871 99990259 99990093 99992273 99993945 99990450
99990288 99991079 99995388 99992082 99990814 99990746 99991537 99991370 99990477 99990153 99994705 99990021 99991535 99990392 99991324 99990523 99993125 99990656 99990213
99990725 99991099 99990003 99990107 99995814 99990212 99990015 99993359 99990278 99992269 99990100 99991913 99990273 99995052 99990654 99990172 99991825 99990011 99990404
99990012 99990406 99994311 99990993 99990004 99990227 99990741 99991641 99993812 99992415 99990180 99990828 99990499 99990053 99990295 99991898 99990442 99990803 99990399
99993753 99992305 99990762 99991316 99992776 99990749 99990064 99990035 99990045 99990094 99991179 99994730 99993655 99990231 99990237 99990150 99991220 99990099 99991125
99990080 99991251 99990178 99990450 99990358 99991292 99990660 99994638 99990486 99991557 99990155 99990106 99992419 99990007 99990000 99991110 99990121 99994192 99990602
99990101 99990007 99990386 99991608 99991234 99990509 99990048 99996024 99991060 99991877 99990011 99991273 99990754 99992241 99996147 99994877 99991044 99995847 99997121
99990123 99990988 99992859 99990001 99991191 99990105 99991853 99990522 99995131 99992056 99992440 99990090 99991994 99992397 99990515 99994148 99990124 99990155 99991080
99990104 99990054 99990515 99990162 99990050 99992395 99990569 99990097 99990697 99990002 99990179 99990346 99990096 99993538 99990650 99990900 99991128 99993260 99990118
99990583 99992757 99990784 99991530 99990402 99990476 99990567 99990006 99992181 99991360 99990335 99994616 99990013 99990027 99993152 99990106 99990097 99990004 99991466
99990298 99990340 99991127 99991033 99991468 99990155 99990000 99990151 99992254 99990431 99991624 99990030 99990660 99993917 99992630 99990044 99990956 99990034 99991994
99990540 99996364 99990173 99990051 99990798 99993600 99990000 99991213 99997156 99991016 99990171 99990518 99991556 99990805 99990587 99993336 99990000 99990205 99993040
99990120 99990585 99990201 99992558 99990011 99990794 99991121 99992284 99992677 99990477 99990171 99990146 99991005 99990500 99991044 99991758 99992138 99990223 99990138
99990972 99990359 99991312 99995205 99992019 99992794 99992205 99991859 99990076 99996698 99991022 99992454 99991349 99990805 99990100 99991550 99991184 99991350 99990697
