19
99990514 99990607 99990025 99990272 99990603 99990510 99993703 99991775 99990052 99990080 99990813 99991719 99990002 99991199 99990660 99990124 99994941 99990186 99992547
99992485 99993423 99991773 99991731 99990319 99990175 99992007 99992117 99993627 99990052 99991492 99990155 99991637 99990509 99992059 99992788 99991091 99990070 99990165
99990846 99990089 99991268 99990146 99992021 99990066 99991123 99992806 99990632 99990133 99991909 99990484 99990861 99992549 99990233 99990253 99990079 99990018 99990733
99990026 99991934 99992055 99994552 99990220 99990137 99993625 99991411 99992597 99990403 99992673 99990040 99993292 99990093 99992580 99990034 99992343 99994560 99991228
99990167 99990256 99990434 99991224 99990191 99991606 99991280 99990455 99992501 99990013 99990362 99992556 99990780 99992780 99995250 99994622 99990402 99993749 99990554
99990754 99990402 99994654 99990520 99990740 99990162 99991302 99995453 99990018 99992351 99992019 99990468 99990007 99990389 99990775 99990011 99990236 99992500 99990439
99990543 99990438 99990156 99990552 99990810 99990534 99990812 99990123 99990237 99990309 99990492 99990076 99993632 99992676 99990984 99990137 99994942 99990421 99990685
99996439 99990944 99990150 99990009 99990096 99990244 99993871 99993081 99993341 99996508 99990227 99990229 99990733 99990252 99990861 99990091 99990135 99991002 99992479
99990019 99990677 99991807 99991250 99990864 99990337 99990197 99992208 99990021 99990358 99990668 99990490 99993455 99990037 99990078 99991795 99990335 99990041 99990369
99990378 99990722 99991471 99990154 99990013 99990036 99990035 99991314 99990095 99990331 99990292 99990178 99993586 99991532 99990041 99990064 99990077 99990142 99990335
99990082 99991144 99996928 99990630 99992812 99990269 99990224 99991218 99992786 99990469 99990002 99994963 99990955 99990241 99991283 99990868 99991445 99990296 99990744
99994068 99990626 99990793 99990041 99990544 99991806 99990076 99991057 99990133 99990095 99991197 99990051 99990191 99990181 99990048 99990655 99991030 99990829 99990076
99992709 99994553 99990034 99990018 99993160 99991989 99994791 99995878 99995508 99990761 99990041 99990917 99993021 99992015 99990162 99991462 99990010 99990848 99990024
99991646 99990441 99990564 99991600 99992915 99990563 99990844 99992912 99990231 99990634 99990007 99990590 99992509 99991696 99990776 99990824 99990050 99991642 99993912
99990106 99991111 99991294 99991109 99990026 99993047 99992202 99991174 99991737 99990010 99990006 99990013 99991550 99992067 99992629 99990281 99992434 99992336 99990411
99995167 99990365 99990247 99991288 99993317 99990106 99990026 99990387 99990039 99990215 99990287 99990863 99994970 99990031 99990609 99991875 99990367 99993298 99991143
99990162 99990442 99990465 99990101 99990000 99993695 99990224 99990490 99990009 99990215 99993942 99992763 99994794 99990694 99990794 99994116 99990211 99990231 99990776
99993608 99990273 99991465 99990201 99990887 99990885 99990364 99990249 99990062 99990643 99990218 99990037 99990056 99993132 99990767 99992459 99990099 99990323 99990465
99990304 99990572 99990041 99992218 99991660 99990559 99990417 99990034 99990998 99992706 99990326 99990041 99991676 99990000 99990649 99990982 99990561 99990259 99991833
