19
99990676 99990463 99990082 99992164 99990862 99990729 99990538 99991063 99990048 99990255 99993028 99990245 99993362 99991798 99990244 99994077 99990214 99991396 99993493
99990998 99990015 99990196 99990082 99990031 99990731 99990301 99992387 99991662 99990035 99993009 99990350 99991803 99990013 99990217 99990098 99990172 99990018 99991124
99992152 99990183 99990160 99990114 99992363 99994788 99995759 99990608 99990144 99990126 99990450 99991081 99991847 99990084 99991202 99991234 99994076 99990642 99993012
99990503 99990627 99990748 99990362 99992056 99992124 99990342 99990093 99990116 99991126 99990000 99990152 99991775 99991235 99990789 99990974 99991407 99992838 99990146
99990849 99991848 99990315 99991935 99990539 99994173 99990011 99990152 99991656 99992893 99991226 99997488 99990003 99990000 99990704 99990092 99990204 99990031 99992760
99992240 99990731 99993480 99990199 99990404 99994182 99990001 99995393 99990171 99993185 99992688 99990648 99990195 99990801 99990336 99994655 99990581 99996190 99993761
99994616 99992469 99990022 99990447 99991196 99991128 99992262 99991155 99995563 99991142 99990291 99991553 99990292 99990098 99993537 99991012 99990263 99992704 99990274
99990391 99992044 99990266 99992318 99990284 99990002 99990145 99992339 99990836 99990061 99991151 99990005 99990462 99990036 99996328 99990334 99991576 99992916 99990332
99992427 99992771 99992493 99993009 99990048 99990103 99990060 99991300 99990091 99990000 99991795 99990573 99990114 99990115 99990917 99994684 99992572 99990185 99990157
99990848 99990429 99990295 99990784 99990205 99990389 99996201 99991668 99990575 99990344 99990866 99990467 99990175 99990367 99991555 99991736 99990000 99990774 99995106
99991022 99990292 99990543 99990356 99991235 99992255 99993626 99993641 99990142 99990000 99990023 99991104 99991480 99990279 99990067 99990735 99990320 99990484 99991665
99990276 99990396 99993190 99991578 99990132 99991688 99990504 99991242 99990727 99993172 99992421 99993110 99990753 99992921 99990076 99991629 99991206 99990098 99991296
99993286 99990124 99990057 99990210 99991856 99991024 99991710 99990759 99993857 99991858 99990230 99990496 99991160 99990908 99990446 99991518 99990429 99990778 99990552
99990147 99990158 99990023 99993089 99990724 99994251 99992631 99991677 99990113 99990447 99990018 99993892 99990802 99990934 99990079 99990402 99991667 99990350 99991932
99990382 99990473 99990016 99991862 99991769 99990323 99991286 99995837 99992683 99993654 99992653 99990846 99990017 99991390 99994208 99991207 99990538 99990406 99993732
99990022 99990049 99990030 99990887 99992330 99991941 99990167 99991417 99993494 99991099 99990003 99991256 99990569 99995563 99990953 99990776 99990741 99990175 99990008
99991376 99997752 99990047 99993551 99994939 99990933 99992082 99990002 99990746 99991129 99990056 99990041 99990098 99992438 99990194 99992321 99990749 99992744 99994109
99990519 99990655 99990491 99990142 99997121 99991437 99990178 99992074 99992105 99995852 99990928 99990102 99997335 99990128 99994116 99990250 99993962 99990372 99990032
99995955 99990882 99990019 99991086 99990309 99991125 99990149 99991399 99993125 99991440 99990088 99990158 99990873 99991358 99991750 99990424 99993382 99991535 99990096
