19
99993769 99993638 99991549 99991057 99990041 99992571 99993173 99990548 99990214 99992703 99990029 99991583 99991165 99992405 99991766 99990005 99990938 99990197 99990089
99992848 99991155 99990068 99990218 99990648 99990349 99990022 99990125 99990680 99991963 99993244 99991039 99990907 99991215 99990069 99990808 99990662 99992575 99990275
99990047 99990586 99997207 99991214 99990022 99996043 99990002 99990985 99990903 99990023 99990002 99990009 99991709 99990546 99995707 99992617 99991080 99990043 99991945
99990060 99990235 99990603 99994744 99990163 99992163 99991097 99990658 99990023 99992663 99993721 99992016 99991580 99990069 99990851 99991489 99991821 99993120 99992543
99990170 99990244 99990015 99990043 99991557 99991729 99991966 99991225 99990973 99991769 99990007 99990002 99994494 99991705 99992359 99990456 99990017 99990648 99990459
99992139 99991334 99990639 99991044 99991181 99990994 99990095 99990112 99990036 99991966 99990158 99995794 99994532 99992965 99990065 99990458 99990176 99990113 99990011
99990286 99990200 99993927 99990121 99991129 99990781 99994185 99990327 99990101 99990509 99990435 99990342 99991391 99990066 99992254 99993311 99995141 99995175 99990225
99990214 99990990 99991178 99990543 99990004 99990250 99990001 99990138 99991290 99991091 99990027 99990020 99992116 99991328 99990048 99990152 99992629 99993866 99991016
99990100 99990452 99990454 99990104 99990199 99993667 99990529 99991315 99990002 99991101 99990196 99990662 99993939 99992302 99991087 99991130 99990609 99990681 99991092
99993717 99991614 99991220 99990025 99992714 99990595 99991405 99990048 99990001 99994938 99990563 99992803 99993339 99990007 99991654 99990406 99993590 99990226 99990846
99990001 99993197 99990357 99992573 99990262 99990758 99990412 99990522 99990335 99990272 99992307 99993835 99990184 99993640 99990453 99991468 99990269 99990149 99990032
99993454 99990056 99990612 99991793 99991192 99990514 99992717 99990643 99993716 99990487 99994194 99991482 99992159 99991109 99990037 99990761 99990244 99990463 99990405
99992859 99991552 99994765 99990541 99992028 99990040 99991212 99990760 99993278 99991757 99991752 99993539 99993314 99990141 99993062 99990091 99990007 99990104 99990546
99990090 99993023 99993096 99990062 99990396 99991640 99993889 99990858 99994678 99990980 99990078 99992345 99991415 99990651 99992184 99991165 99990480 99991561 99990300
99991431 99990447 99990336 99990303 99990116 99990122 99990703 99990654 99991203 99991572 99990216 99994819 99990334 99992615 99993155 99993966 99990261 99990127 99991456
99990012 99991517 99991113 99990054 99995489 99991585 99990304 99993281 99990200 99990066 99990389 99990937 99990051 99990701 99997724 99990174 99991861 99995491 99990167
99990408 99992015 99990958 99991414 99991579 99990226 99990446 99990917 99990263 99990526 99990994 99990120 99991409 99993829 99992484 99994358 99996476 99990916 99993985
99990625 99991552 99991596 99990215 99992908 99990316 99993853 99990726 99990333 99991160 99992650 99990000 99992062 99991007 99990391 99990849 99992549 99990592 99990785
99992778 99990430 99990005 99994008 99990545 99990342 99990430 99990564 99990306 99992548 99992277 99990648 99991726 99993225 99990054 99990709 99990143 99993484 99991928
