19
99992307 99990077 99993399 99990041 99990323 99990022 99990089 99990228 99991810 99990169 99990963 99990038 99992727 99991955 99990018 99990036 99990017 99990374 99993925
99992490 99991030 99990015 99992620 99990993 99990039 99991772 99991924 99991382 99990239 99991690 99995552 99990015 99992627 99991731 99990021 99991860 99994733 99990221
99990117 99990782 99990007 99990046 99990058 99993714 99992314 99990162 99990316 99991383 99990233 99990459 99991194 99990948 99992542 99990054 99990111 99992109 99990378
99990328 99992494 99993166 99990036 99994689 99990118 99990547 99990087 99991944 99990231 99990258 99990291 99990094 99994809 99990788 99990096 99990727 99990099 99990776
99991582 99990256 99992551 99990295 99990074 99990696 99990073 99990372 99990809 99990627 99990091 99993625 99992169 99991382 99990036 99992045 99992233 99990410 99995265
99992298 99990014 99990560 99992733 99990515 99991775 99990224 99990006 99990760 99990166 99992152 99991381 99992287 99990377 99990255 99990235 99992502 99990058 99991160
99990335 99990217 99991334 99990556 99990701 99990944 99990388 99992988 99991306 99990240 99990025 99992658 99993127 99991472 99992298 99991388 99990744 99990267 99990143
99992574 99990001 99990910 99990460 99992152 99990879 99991123 99990130 99990187 99990720 99990156 99990185 99990901 99992518 99990087 99990533 99990291 99993492 99990788
99992494 99991257 99990301 99996096 99990089 99990497 99990946 99991599 99990023 99990546 99990506 99990277 99991244 99990766 99990099 99990627 99990243 99990178 99990825
99992384 99990176 99992468 99990010 99991324 99993193 99993448 99992913 99991032 99990007 99990380 99991427 99990384 99992832 99992030 99990831 99991263 99990767 99995276
99990222 99991523 99991044 99990047 99990095 99990191 99991493 99991719 99990760 99990227 99990172 99991286 99990536 99990409 99991526 99990757 99991018 99990021 99990079
99994555 99992235 99995032 99991204 99990851 99991875 99991969 99991344 99990045 99993049 99990229 99990010 99990677 99990131 99992043 99992750 99991009 99990253 99990284
99992055 99991969 99990368 99992730 99990682 99990021 99990561 99990758 99992072 99990425 99990120 99991106 99990388 99990009 99990000 99994645 99992960 99993481 99993220
99990362 99990073 99991007 99990011 99994705 99990368 99993078 99991846 99990001 99990771 99990966 99991073 99995374 99992239 99991117 99990087 99990046 99990875 99990496
99990120 99990446 99990956 99990000 99990133 99990403 99990219 99990033 99992711 99993068 99990708 99990016 99990035 99991595 99992517 99991024 99993032 99991089 99991924
99992960 99990386 99990922 99990052 99990069 99990187 99990096 99990177 99991995 99991848 99990389 99992580 99990056 99990345 99990002 99990776 99990128 99991303 99990856
99991833 99990018 99990343 99992776 99990317 99991348 99990216 99990246 99991333 99990214 99991489 99995298 99990729 99993480 99990270 99996688 99991173 99990246 99991825
99991323 99991272 99990134 99990746 99990071 99992356 99991842 99994798 99990183 99990922 99996345 99990057 99990769 99992032 99990189 99991090 99991100 99990003 99996857
99990488 99990895 99990018 99992355 99990119 99990186 99990507 99991350 99991368 99990378 99990304 99990073 99990471 99990022 99990354 99990084 99990979 99993340 99990472
