19
99990022 99994636 99990086 99991688 99996160 99990034 99994026 99992104 99991228 99990231 99990042 99991368 99990074 99990580 99990204 99993322 99992301 99993537 99991484
99990341 99990285 99993368 99991920 99992048 99991209 99992301 99990840 99991581 99990052 99990279 99995819 99990054 99990018 99990189 99993002 99990055 99991171 99990102
99990106 99990384 99990033 99992459 99990388 99990656 99991269 99991332 99990110 99990669 99990455 99990651 99994775 99990563 99992660 99991083 99990904 99993325 99991303
99992071 99993827 99990025 99990762 99990479 99991420 99995231 99994228 99990436 99990434 99990004 99990002 99990724 99991192 99992909 99992395 99990380 99990201 99990773
99993255 99990803 99990694 99990251 99990205 99990083 99990909 99994035 99990006 99990660 99990075 99990974 99991778 99991305 99993288 99992115 99995614 99990409 99991740
99994955 99991703 99991655 99996009 99992411 99991237 99990071 99990220 99992499 99990074 99998316 99990169 99991498 99991760 99990987 99990744 99990701 99990153 99990486
99990036 99993311 99990093 99990525 99990022 99990052 99991714 99991171 99994946 99990122 99994460 99990157 99990314 99990246 99990911 99993053 99990041 99990047 99990259
99990931 99990273 99990897 99991987 99992547 99991158 99991082 99992023 99990106 99990572 99991936 99990230 99993339 99990049 99991242 99991955 99990014 99990063 99990035
99998672 99990133 99990827 99991982 99992612 99992503 99992149 99991338 99991334 99990482 99990112 99991879 99990051 99991131 99990206 99991267 99990264 99990073 99992875
99990263 99990043 99990593 99993165 99994609 99990009 99992068 99990070 99990392 99991937 99990248 99991715 99990186 99993016 99990327 99990709 99991371 99990150 99990718
99991222 99992232 99990475 99990880 99990864 99990213 99990156 99991427 99990653 99990490 99991797 99990003 99990641 99992009 99990013 99990115 99990710 99990032 99990398
99993809 99990489 99990511 99992097 99991323 99991314 99991266 99990879 99990143 99992267 99990239 99990132 99990010 99992105 99990269 99990494 99990172 99991699 99991035
99991047 99990389 99991877 99992137 99990516 99990853 99991111 99990097 99990085 99990417 99990328 99992131 99990269 99994297 99990085 99992185 99990054 99990001 99992271
99991323 99996094 99991326 99990068 99990122 99990286 99993817 99994419 99991817 99991929 99991931 99991026 99990944 99990165 99990037 99992986 99990055 99992263 99990738
99992667 99991357 99992610 99990267 99990929 99990164 99990939 99990762 99990302 99990499 99991618 99990063 99991137 99991701 99990466 99990798 99990141 99993987 99990647
99990105 99990491 99990350 99997842 99991247 99990016 99994091 99991307 99990365 99991736 99990016 99991755 99990465 99990791 99990011 99990299 99993163 99994385 99994758
99991142 99990569 99991389 99990097 99990250 99990422 99990043 99990216 99993886 99990001 99996721 99990188 99990314 99991418 99991026 99990533 99991292 99990364 99990971
99990690 99990589 99990084 99990223 99991074 99991269 99993300 99991359 99990821 99990078 99994199 99990345 99992041 99990146 99990011 99990675 99990316 99990876 99990040
99992956 99992209 99990155 99990024 99991672 99990294 99990419 99990202 99990388 99992087 99990955 99993557 99990957 99995278 99992588 99990496 99990962 99990061 99990012
