19
99991396 99990001 99990227 99990519 99991415 99990226 99990427 99991311 99990003 99990561 99991367 99990207 99991733 99990186 99992306 99990938 99990154 99990259 99990023
99990651 99990788 99990000 99993108 99990075 99990532 99990248 99996333 99990886 99993685 99990520 99992918 99990912 99995085 99991476 99991954 99990777 99991714 99990036
99991044 99990005 99990987 99992212 99990090 99992509 99990679 99990066 99990018 99990310 99991153 99990618 99993918 99990110 99990106 99990193 99991625 99990240 99990004
99990334 99990162 99990969 99990973 99990070 99990110 99990892 99993320 99990013 99994574 99990006 99990028 99990407 99991326 99990717 99990459 99995117 99993424 99990841
99990464 99990477 99991057 99990116 99990227 99990004 99990282 99996001 99991182 99990121 99993347 99990177 99992783 99990006 99990178 99990376 99990003 99991400 99991540
99993559 99992197 99990162 99992826 99990343 99990793 99990519 99990347 99990406 99990014 99990222 99991781 99990053 99990310 99992325 99993886 99990076 99990021 99991010
99993915 99990036 99990214 99990250 99991568 99991956 99992355 99992891 99990161 99990004 99990044 99993187 99993799 99990016 99990088 99990829 99990929 99993789 99990552
99991745 99990122 99995260 99990023 99991334 99990018 99991610 99991660 99994453 99993093 99990021 99992506 99990723 99990072 99990271 99994165 99990104 99990195 99992510
99990279 99990046 99994692 99990924 99991277 99990903 99993150 99990225 99991263 99990117 99991650 99991711 99990216 99990061 99991650 99990467 99990095 99991389 99990000
99990012 99990121 99990068 99990190 99990484 99993952 99990389 99990176 99992027 99998187 99990141 99990294 99990618 99990072 99990975 99990497 99990943 99990234 99990421
99990305 99992042 99990000 99991509 99990213 99990039 99990187 99993751 99991133 99991087 99991010 99990717 99993539 99995659 99990153 99990523 99991540 99990009 99990087
99990558 99990808 99991090 99990880 99991189 99990747 99990155 99992858 99990024 99993649 99990000 99990388 99990887 99996207 99990020 99990084 99990482 99990668 99990307
99993123 99990000 99990564 99994552 99990992 99993255 99993722 99998808 99990024 99990440 99991210 99991015 99990239 99990580 99992532 99992967 99990331 99991429 99990125
99991166 99991676 99990028 99990138 99990397 99990062 99994416 99990246 99990057 99990317 99993232 99993046 99990631 99991168 99990171 99990069 99991778 99990551 99990308
99990016 99993622 99990136 99990317 99990399 99990604 99990692 99990094 99990174 99991178 99991064 99990643 99990267 99990813 99990081 99990057 99990931 99990098 99991418
99990030 99995253 99993709 99992467 99990437 99992755 99990168 99990485 99990182 99990056 99990034 99990723 99990071 99990222 99990205 99992210 99990049 99990034 99990073
99996432 99990262 99990390 99990260 99995593 99990861 99991771 99990348 99992265 99992358 99990155 99990032 99990026 99992039 99991784 99990242 99991950 99991092 99991130
99993570 99990901 99990399 99992302 99990904 99990072 99994200 99990163 99990618 99991272 99990893 99990224 99990071 99991062 99991374 99990352 99991182 99990045 99990250
99991807 99991001 99990417 99990919 99992073 99990529 99990329 99990790 99992044 99991392 99990938 99991319 99990074 99990003 99991707 99994127 99994782 99991620 99993628
