19
99993964 99992046 99990588 99990019 99993451 99990427 99990861 99990995 99991776 99991146 99993904 99990102 99990079 99990946 99990060 99994080 99992613 99990228 99996724
99990455 99990001 99990623 99990488 99990032 99990657 99990001 99990697 99991737 99990141 99991633 99990168 99990123 99990149 99993788 99990172 99990951 99991508 99990918
99991129 99992234 99990012 99991350 99990222 99990428 99992256 99992316 99990301 99990454 99991191 99991404 99991380 99991321 99994499 99990567 99991555 99990250 99993774
99990424 99997628 99990928 99990135 99990601 99991306 99990106 99991445 99990912 99990381 99990823 99992203 99991545 99991711 99990812 99990007 99990178 99990029 99990449
99990005 99991849 99990085 99990118 99991210 99990147 99990317 99990856 99990073 99993823 99990282 99990011 99990309 99991525 99993775 99990140 99991310 99991138 99990074
99990068 99991581 99990228 99990494 99991063 99990642 99990384 99990137 99991117 99990326 99990003 99990401 99990002 99992508 99992672 99990329 99992041 99991682 99995302
99990189 99990027 99990033 99990015 99990804 99991797 99991245 99990170 99993186 99990875 99991325 99990044 99990236 99991374 99992773 99991929 99993042 99990314 99990323
99990111 99990323 99990210 99992957 99990058 99992405 99990217 99990240 99990137 99990002 99992216 99990392 99990000 99990428 99991394 99990010 99990529 99993359 99990781
99991506 99990007 99990195 99990079 99990004 99990171 99990658 99990764 99990402 99993654 99992200 99990276 99990027 99990413 99990926 99990136 99997280 99990225 99990744
99991499 99990325 99991555 99990301 99994212 99994255 99990208 99990154 99993315 99990206 99990165 99990389 99990017 99990602 99990942 99990018 99990311 99990853 99995484
99990532 99991113 99990821 99990129 99990730 99990536 99990092 99991877 99990649 99991959 99990036 99990059 99993365 99990392 99990296 99994152 99990379 99991767 99993042
99990145 99990581 99990277 99990130 99993665 99990669 99990385 99991091 99990032 99990229 99990420 99994332 99990734 99991767 99990707 99990070 99992674 99990402 99991556
99992448 99990724 99990089 99991624 99990100 99993171 99990061 99990215 99991637 99993836 99991021 99990163 99995144 99990542 99991851 99990208 99991544 99990498 99990283
99991717 99990492 99990804 99990492 99991070 99990675 99993089 99992600 99990643 99991452 99990856 99990112 99991686 99990134 99991491 99994534 99990343 99992080 99990593
99990898 99990185 99990510 99990743 99991763 99990063 99995721 99996295 99998560 99990130 99990359 99991335 99991926 99990627 99990883 99990255 99992984 99990298 99990995
99991158 99990294 99990067 99990473 99990934 99991338 99990190 99990221 99992699 99990351 99991097 99991971 99992841 99990344 99990773 99991357 99990140 99994523 99990262
99990099 99993415 99991169 99991342 99991602 99995441 99990580 99990000 99990039 99990318 99990566 99990943 99995470 99990476 99990175 99990068 99990118 99990087 99992428
99993562 99990700 99990275 99990414 99990138 99990215 99991063 99992840 99990397 99990715 99991539 99991672 99990140 99990477 99990040 99991075 99993529 99992884 99991249
99990212 99990720 99990114 99992728 99990174 99990602 99990708 99992653 99990904 99992824 99990835 99995658 99990174 99991176 99990643 99993390 99990035 99990215 99991580
