19
99991467 99991275 99990204 99991052 99995406 99990554 99993902 99990616 99990002 99990917 99993526 99990174 99990740 99991106 99991137 99990256 99990976 99991112 99990149
99991097 99991048 99990674 99991665 99991332 99991988 99990958 99991494 99990768 99991131 99990087 99990266 99993077 99990321 99990447 99990629 99991614 99991348 99990749
99990067 99996141 99997925 99992205 99990473 99990026 99991845 99993668 99990848 99990028 99993238 99992886 99990618 99990039 99992164 99990130 99990350 99991388 99990143
99990141 99993316 99990205 99992048 99990147 99993456 99990032 99991724 99991917 99990355 99991805 99990146 99990986 99996220 99990093 99990653 99990420 99990174 99990036
99991292 99992249 99990357 99993082 99990118 99990125 99990507 99990439 99990702 99990058 99990554 99990361 99990074 99990853 99990123 99990403 99991264 99990416 99998139
99991985 99990011 99992309 99994789 99990701 99990333 99990571 99990050 99990043 99990300 99992740 99992868 99991861 99992607 99991619 99992020 99992411 99993064 99990749
99990079 99990077 99990334 99990855 99990057 99990402 99990349 99992902 99992820 99990846 99992137 99991424 99990295 99991307 99990037 99990228 99990542 99992233 99992099
99991718 99990166 99993505 99991274 99990125 99990902 99990580 99991008 99991255 99991586 99990199 99996319 99990320 99990822 99990245 99990105 99990159 99995242 99990062
99990102 99990010 99994562 99995762 99990512 99990250 99991386 99993441 99990634 99990454 99990503 99990504 99993888 99991111 99992306 99990165 99993920 99990092 99992840
99991016 99990290 99990166 99992672 99991497 99990103 99990558 99990172 99990379 99990326 99990231 99992141 99990664 99991464 99990419 99990041 99990280 99991977 99990342
99990024 99990931 99990004 99992236 99990257 99991760 99990172 99990019 99991471 99990577 99991665 99990359 99991321 99990313 99990033 99990072 99992290 99990600 99990538
99998560 99990715 99994746 99990329 99990244 99991400 99994794 99990409 99990489 99990052 99991185 99990987 99990886 99990492 99994650 99991914 99990029 99991697 99990691
99995982 99992109 99990120 99990081 99990226 99994184 99990088 99990809 99990739 99990083 99991013 99996685 99990110 99990185 99991964 99992019 99990022 99990069 99990952
99990356 99992871 99990627 99990158 99990333 99990134 99997469 99994823 99990304 99990472 99990977 99992451 99993475 99990014 99990263 99993530 99992048 99990198 99991292
99990196 99992822 99993486 99990978 99991027 99990143 99993463 99991422 99990886 99990259 99992149 99990011 99990264 99990198 99990104 99990914 99990396 99990459 99991035
99991526 99990080 99990745 99990812 99992705 99990305 99990357 99991260 99990094 99992608 99994690 99990243 99990976 99990315 99993985 99990854 99990432 99992157 99992621
99990053 99991489 99990010 99991100 99990004 99990116 99990154 99994294 99990088 99990396 99990292 99990762 99990045 99990302 99990022 99990828 99990024 99991098 99993920
99990626 99990301 99990621 99995379 99991185 99991427 99990193 99990082 99991312 99990799 99991663 99992268 99990523 99996301 99990395 99990147 99991470 99990463 99990284
99992622 99996548 99994320 99991377 99990007 99990022 99991711 99990110 99990541 99990031 99990010 99990059 99990222 99996033 99994545 99992242 99991147 99995379 99992159
