19
99991185 99990816 99990721 99990670 99990051 99995292 99990003 99991565 99990072 99993962 99990592 99990384 99991326 99991833 99990086 99990463 99991694 99992013 99990188
99990738 99990217 99990013 99994315 99990031 99990185 99994793 99991075 99990035 99990205 99991099 99990053 99990361 99990075 99991946 99990128 99990562 99994011 99991567
99990777 99990784 99990340 99997028 99990058 99993660 99991329 99995166 99991238 99990037 99991259 99990329 99990723 99990410 99990042 99992517 99993532 99993869 99990010
99990006 99990129 99990006 99990052 99990046 99993755 99992374 99990274 99991697 99992533 99990204 99990466 99990160 99991044 99990367 99990783 99990067 99990176 99995284
99991408 99990811 99990012 99990367 99992646 99993007 99991417 99990745 99994477 99990379 99990075 99990105 99991022 99990499 99990114 99990883 99990131 99994434 99990421
99995440 99990068 99994537 99992884 99990728 99990025 99993177 99990395 99991481 99991526 99993972 99990540 99990132 99990819 99990397 99997248 99993239 99991221 99993084
99990706 99990157 99991731 99990043 99991654 99990212 99990869 99990705 99990091 99992936 99994548 99991112 99990190 99990646 99997939 99991860 99994276 99992687 99993148
99990002 99990856 99992183 99990158 99991041 99993387 99990208 99990225 99990249 99990172 99990016 99990000 99990042 99990399 99990136 99991086 99992264 99990000 99990078
99990129 99991241 99990038 99991526 99991707 99990009 99990425 99991451 99990813 99990006 99990099 99990272 99990357 99990374 99991108 99991788 99990058 99991864 99990038
99993078 99990198 99991238 99991818 99991578 99995257 99990279 99990953 99990717 99994288 99990232 99990305 99990431 99990169 99991739 99995039 99990016 99990521 99990262
99990023 99990982 99994534 99990186 99990133 99993830 99990710 99992250 99990298 99991459 99993286 99992930 99993414 99990046 99992083 99990001 99990023 99990487 99990048
99990078 99991214 99990049 99990444 99990422 99992886 99990227 99990397 99992337 99991300 99991609 99991665 99990385 99990264 99994485 99991577 99990083 99990296 99992838
99990195 99990306 99991050 99993058 99990406 99990100 99991996 99990016 99990914 99990325 99990112 99990114 99990030 99995399 99991321 99990041 99990481 99990605 99991858
99990566 99994863 99990266 99990221 99990448 99990117 99993174 99991183 99990036 99990013 99998258 99991771 99991674 99990113 99990696 99990006 99990658 99991255 99990474
99991589 99990080 99991943 99990042 99992037 99990000 99992753 99990000 99990012 99990090 99990366 99990032 99990280 99992012 99992399 99990255 99990628 99991754 99990233
99991224 99990330 99990077 99991807 99992801 99990416 99991357 99994113 99990142 99993365 99990153 99992435 99991536 99990287 99990073 99990626 99990999 99994453 99991046
99990021 99990443 99991134 99990028 99990049 99991938 99990085 99990130 99993756 99992960 99990261 99990815 99990001 99990636 99991523 99990279 99990130 99990103 99990174
99992027 99990193 99991239 99990039 99990478 99990475 99990479 99994427 99992016 99990279 99990044 99990001 99996163 99995322 99990157 99991134 99990284 99993361 99990118
99996345 99990609 99992831 99990292 99990562 99992220 99991593 99991617 99990158 99994621 99990526 99990858 99990614 99990028 99991632 99990380 99990649 99990324 99991215
