19
99991359 99990707 99990699 99996831 99990783 99990237 99990021 99994658 99991265 99991251 99991851 99990061 99991102 99990186 99990798 99992828 99992669 99990383 99990191
99992582 99990205 99992443 99990677 99992095 99990676 99990855 99991442 99991589 99992650 99992878 99990011 99990451 99990810 99997064 99990043 99991718 99990547 99990479
99992715 99991000 99990027 99992311 99990245 99990224 99990012 99992272 99990630 99990560 99990314 99990287 99990186 99990886 99990000 99990038 99990769 99993523 99990168
99990327 99991041 99990077 99990488 99990433 99990130 99992227 99992035 99991117 99995415 99990090 99990647 99990142 99990201 99991145 99990237 99994234 99991213 99992030
99990004 99992053 99990245 99993313 99992695 99990009 99990512 99991120 99992618 99990717 99990390 99990966 99990649 99993423 99990212 99990656 99992167 99990865 99994600
99990053 99990273 99990038 99990547 99990897 99992667 99990905 99990255 99990955 99990538 99990375 99991171 99990727 99990469 99993067 99994046 99991525 99990130 99991236
99993935 99996114 99990612 99992168 99990065 99992001 99992214 99990026 99990735 99992582 99990482 99991160 99990488 99992039 99993343 99992761 99991081 99990441 99992309
99990778 99991356 99990111 99995103 99990003 99990925 99990046 99992939 99991462 99991346 99990128 99990965 99990138 99990135 99991921 99991019 99994278 99990155 99990618
99990431 99990000 99990398 99990013 99991296 99993160 99998092 99992385 99990108 99991309 99990069 99990488 99990051 99992281 99990637 99990383 99992029 99990404 99990358
99990588 99990264 99994619 99990314 99991481 99990155 99990817 99991706 99990056 99991279 99996595 99991710 99991507 99993639 99990357 99990015 99993008 99991099 99990632
99990498 99993396 99991538 99992115 99991491 99992456 99992291 99991988 99990217 99990654 99990222 99996105 99990038 99990666 99990035 99990540 99990599 99990426 99990018
99990649 99992136 99990496 99991649 99990841 99990041 99990014 99990178 99990149 99991402 99990652 99991087 99990733 99990378 99991719 99992910 99990366 99995234 99990016
99990033 99990120 99990074 99991649 99990791 99990357 99990197 99990004 99990019 99990049 99990022 99990512 99992370 99990575 99990172 99991405 99991483 99991329 99990429
99990245 99991641 99990264 99990896 99990908 99990415 99990219 99990007 99990187 99990241 99990329 99991599 99990007 99991542 99990450 99990925 99990506 99990169 99992404
99990137 99991125 99990671 99990108 99990064 99990200 99991411 99991087 99991538 99992092 99991631 99995336 99990171 99990228 99991246 99994923 99992350 99990050 99991505
99990274 99991132 99990232 99993395 99990338 99991116 99990475 99991861 99990370 99990959 99991236 99990201 99990707 99990002 99990172 99990274 99991462 99992870 99991433
99996810 99991524 99990101 99993920 99990777 99990127 99990764 99990472 99992235 99993456 99991121 99991622 99990274 99992364 99990313 99990654 99990633 99990613 99991086
99993262 99991317 99990151 99992690 99992837 99992018 99994972 99990468 99990267 99990203 99991499 99993368 99992677 99994196 99990930 99991873 99992594 99990037 99994745
99990416 99991836 99990588 99991718 99990345 99991173 99991705 99993620 99990185 99994334 99990683 99990322 99992706 99990006 99990082 99991653 99993264 99991299 99990157
