19
99992688 99990575 99991328 99992712 99990743 99991595 99991674 99990115 99990932 99991698 99991599 99990387 99990062 99990015 99991698 99990055 99990120 99994237 99990005
99990032 99990066 99992737 99991420 99992796 99990012 99990107 99990001 99990006 99990043 99990015 99990859 99990037 99993908 99991532 99990783 99990816 99990002 99993089
99993114 99991084 99990091 99991100 99990018 99990130 99990114 99990122 99990747 99990185 99990055 99996699 99990665 99990321 99990009 99990102 99991125 99990007 99990163
99990069 99990100 99992187 99993869 99991172 99990391 99990436 99990353 99990936 99990015 99990025 99990002 99990006 99990211 99990180 99991142 99994267 99990022 99990193
99990212 99990157 99991237 99990327 99991989 99992152 99990229 99997707 99991328 99991659 99990374 99990914 99993326 99996460 99990168 99990391 99992544 99990221 99990016
99990140 99990001 99990663 99990539 99990142 99990483 99993774 99990053 99991558 99990656 99990256 99992375 99990080 99991421 99994298 99990002 99990852 99990850 99990453
99992458 99990225 99990108 99992656 99990541 99990071 99990118 99991838 99990574 99990393 99993043 99990376 99990966 99990051 99990110 99990091 99992624 99990039 99990087
99990626 99990312 99991504 99990056 99991731 99994876 99993435 99991698 99990316 99994981 99990397 99990878 99990154 99992975 99991110 99990086 99992854 99992734 99990535
99990677 99990442 99991085 99990027 99990753 99990439 99990051 99990240 99990379 99992395 99990228 99990532 99990055 99991195 99991097 99990010 99992142 99995700 99991236
99993190 99991769 99993692 99990445 99991394 99992036 99993063 99990051 99990462 99993424 99990795 99992243 99990061 99992418 99991187 99992462 99990307 99992792 99991103
99997549 99990248 99991623 99992944 99990922 99990209 99990023 99991231 99995265 99990280 99990141 99995604 99990537 99991585 99990001 99990281 99991532 99991587 99990759
99990058 99993154 99990278 99990000 99990035 99990184 99990864 99990694 99994796 99990124 99990283 99990121 99990470 99995134 99991064 99995023 99990172 99993189 99990370
99990196 99990639 99990372 99990158 99990014 99990294 99990564 99990137 99992086 99991953 99991037 99991181 99990173 99993049 99990888 99990039 99990139 99992493 99990312
99990058 99990030 99990889 99990698 99993366 99990983 99990062 99991605 99993836 99990250 99992033 99994848 99991400 99990145 99990388 99990354 99990354 99991081 99990492
99990270 99990284 99990014 99990634 99990020 99990680 99990482 99992984 99990032 99990492 99991061 99990004 99990110 99990009 99990046 99992325 99990994 99991197 99990001
99994588 99993457 99991578 99990198 99990377 99990073 99991515 99990282 99998832 99990756 99990284 99991425 99990601 99990055 99991309 99991253 99991214 99990096 99990022
99991968 99993184 99990073 99991600 99990922 99990121 99993010 99990246 99990464 99990749 99990256 99990149 99990572 99991449 99991552 99990760 99990171 99990342 99990071
99993120 99991452 99991579 99990057 99990958 99992224 99994976 99990244 99990016 99990240 99991392 99990309 99990872 99991523 99990094 99991028 99990393 99990053 99993573
99991134 99990934 99990092 99992828 99990326 99990194 99990029 99992595 99993446 99990955 99990270 99990053 99993042 99995157 99993540 99990029 99990830 99990342 99990127
