50
58 108 -37 95
-140 130 71 -71
-134 34 12 93
144 111 -124 -36
71 137 132 31
114 -127 45 -125
112 126 53 -4
-69 21 -55 104
-140 -92 -42 -65
-145 -3 85 -109
-36 104 57 -100
-19 48 -48 -57
-79 -79 134 -98
103 -54 27 -82
-113 -127 -19 -30
11 -125 -118 9
-91 69 110 114
-83 -144 -142 43
-107 49 48 -97
113 150 27 -26
6 -119 -87 35
-138 -104 32 -5
3 108 -131 -74
17 24 109 -53
-109 -37 -135 2
78 -89 -8 139
119 126 -44 -11
-133 99 -103 -27
105 146 1 123
-149 -31 -13 72
-109 121 -53 -145
83 -31 122 123
125 26 90 68
-120 2 -112 -87
87 4 121 98
32 -34 103 -13
29 110 -50 63
43 52 113 97
62 114 -84 95
-2 -99 -140 -30
65 -42 72 85
-129 -88 139 -28
27 -31 53 -79
-149 -89 133 -115
-78 -71 132 -47
-87 -28 27 -10
14 3 147 141
112 100 6 -52
96 -78 -83 26
107 -38 135 1
