200
-527 669 403 -266
560 -517 -906 929
467 734 262 939
-588 206 774 337
0 138 390 -734
117 314 350 -40
-331 408 186 475
-666 344 698 -859
974 982 464 783
860 884 825 -761
377 459 -277 202
361 262 320 -83
719 -272 -210 770
493 119 -807 297
-973 975 844 -358
386 842 -924 999
689 558 -195 -932
-491 885 -192 -948
1 -238 108 -762
-94 -39 -609 -325
-904 -569 844 3
811 106 -675 940
-755 467 -719 -523
-362 623 -692 -694
531 213 760 -494
-660 894 -674 30
-99 704 -37 17
151 -923 -893 454
-408 797 -443 241
-301 668 949 161
-70 177 214 810
-510 946 -66 11
507 -767 6 731
-223 -715 -494 55
-266 811 -824 -770
796 -649 427 316
761 -153 278 479
378 -837 -886 451
-215 868 -299 -808
-62 -963 -661 286
719 -629 563 -903
840 -597 -683 -775
247 -920 977 284
-867 496 160 538
-749 -932 -301 -571
665 -80 -289 519
605 769 -852 889
572 93 -251 518
-640 852 -204 677
-859 -439 572 -140
-715 -24 -57 -692
47 191 954 -379
-197 -582 858 -477
969 236 -523 -708
-718 -419 -699 888
575 -723 -763 317
719 366 -587 -739
-114 -961 -70 497
-216 -567 -7 -854
19 85 -697 -720
-748 324 -866 913
293 377 -10 -81
-202 471 250 895
722 -278 -281 508
-822 -926 -534 360
876 89 892 -108
-225 853 389 -635
-878 -205 -456 452
528 -321 251 -533
234 -423 -326 -236
-768 77 -568 -667
-616 531 952 -864
-787 605 352 -796
503 -72 -198 -980
381 -892 -261 246
-978 907 -143 -710
652 -152 277 774
982 40 -205 411
-247 504 -375 -655
526 773 540 -534
-606 -943 808 738
-243 745 -151 -926
-179 538 -8 793
982 977 268 -831
742 -338 -377 139
-677 938 464 -337
627 -673 950 794
-296 -511 -71 -20
383 997 -80 -371
217 -303 -934 -532
-594 952 443 726
-145 -472 645 681
8 423 -956 590
634 412 635 -457
213 -411 875 259
72 -314 409 379
938 -541 -887 263
59 908 329 -169
-457 -373 -269 484
91 53 701 -365
-247 -99 -361 871
887 -428 107 290
-37 -199 208 -961
374 341 -885 -416
-89 -51 158 744
52 -527 -642 14
-270 -690 -164 -772
-269 12 -10 -937
-624 333 851 -556
648 495 -479 364
423 -54 -897 -848
949 399 -975 -266
244 438 -829 892
-442 -545 716 86
561 216 83 833
412 836 -87 -789
367 428 466 492
-924 229 364 442
-767 -529 -942 -665
-270 776 959 185
977 -630 608 251
534 -116 -188 333
-279 28 -857 -105
-637 -77 -288 -452
313 -639 614 -86
-75 791 963 -578
-873 -704 914 -957
244 353 -416 -484
-758 -347 -727 80
-471 761 896 -738
-7 -101 -971 -270
-592 641 477 758
891 777 -230 -669
-459 -837 493 419
-69 -193 855 451
-388 -17 -592 -480
265 668 311 -642
-312 -945 -937 -402
-751 451 -904 371
963 325 -864 747
-125 790 750 81
865 -699 970 768
568 859 411 450
546 486 784 -789
-636 261 -789 781
749 704 253 285
458 -226 45 569
41 282 465 637
-869 -19 716 -780
-569 125 -745 20
-947 -221 453 653
-645 652 -92 823
-46 751 -193 767
-959 614 -754 484
-318 -574 -79 -204
245 -216 -918 771
619 -598 -827 -475
-632 -473 -949 -51
492 -642 -803 -611
-58 -761 821 -193
-458 922 276 -549
-509 660 -329 -423
76 434 111 242
775 74 -550 710
394 574 -29 -511
-602 367 909 543
-909 -142 204 -291
-200 973 -593 833
-272 28 -862 686
-383 -312 -4 -837
-111 -703 -652 815
422 364 -126 -767
603 -517 -699 -675
836 473 218 14
143 -989 376 -621
19 550 -606 -210
207 -208 -742 45
-468 -492 -464 -938
465 -23 -294 -858
-428 -168 503 338
-513 588 -300 966
-408 641 -785 788
39 15 -38 887
-717 634 353 -215
767 406 -156 819
-59 903 447 -689
241 -90 604 -431
205 -372 -668 -758
-619 814 49 63
168 638 979 -488
264 -460 552 -563
-133 -141 -301 -855
-709 531 448 17
146 -376 -268 165
746 -2 807 -839
-105 869 198 382
716 -444 -429 -16
-338 -801 -567 -947
-607 -279 -919 954
-358 826 692 -585
