1000
-2325 -338 -2494 914
-428 1849 214 4577
4818 4236 396 4091
2146 3524 -738 -3524
4111 2202 343 -2614
1371 -1906 -2116 -3866
3493 -3518 -1938 4943
791 -2552 -3668 -1197
-750 -1397 1682 -150
-1949 844 -3933 -2325
-3261 2315 4812 4470
-3445 3208 1268 1402
-2020 1576 -3515 152
3999 -2191 2211 987
-3863 2918 2969 -3691
-2216 3311 519 -3945
-3143 2183 1464 -1122
-2699 -4799 -3703 500
-3501 -4363 -4336 -1849
3088 1586 -2872 -2500
-2770 -4542 3202 -4020
2869 3369 -1041 3917
-1004 -398 4965 2364
4463 -1198 -1149 4060
-1629 -3962 -3718 1400
-4432 2412 -389 2837
4280 1360 -1 -3381
422 -1702 -3710 -1733
596 3781 1409 -4307
3338 -2187 4570 3381
-4388 490 -4920 4515
-886 1607 1012 -2514
-1609 -603 3536 658
320 -3940 -4815 -3184
1984 -4762 -2168 -3796
1454 4079 3674 4544
3535 70 -11 -44
-18 273 -4044 181
1245 -1867 -2685 -986
4244 508 2153 -1653
-1771 -4916 -1407 -261
-1757 -4174 2664 -3088
3229 1618 2149 -1921
3301 755 -334 4515
-1781 1447 -4206 -723
-3403 -4025 495 -2536
2874 3673 -1361 -3044
-3422 -4623 2897 -4000
-4080 -483 4788 1576
-4759 -2518 2162 -58
3353 3440 -1098 -1740
-2705 1248 122 3711
3542 -1374 3643 4009
-3803 -3761 -3966 719
-804 -3152 -1010 4279
-2941 -2816 -667 -2857
-3785 2706 3427 -1059
-3562 2895 4260 -4933
-586 2239 -2986 -2392
-1009 -428 -3634 -4998
-4885 -4086 -3673 4349
1014 -1522 892 -2221
627 -4010 1273 1767
850 -2010 3021 -4177
587 -1744 3783 4454
-3825 24 10 3793
187 -1857 -1624 1828
-1841 836 -4808 -1395
-4730 1213 4604 338
2499 -3801 3852 -1179
-697 -1976 1366 -4956
-2669 951 988 3427
-2776 3366 3099 576
-1986 2924 932 -31
-3834 -126 -2153 1468
-1209 1243 -1139 2079
3054 -3981 -2800 1859
1323 -998 4170 -3634
-924 -1531 -1890 4581
102 315 -4271 -1314
1034 -1173 -3414 -385
4733 1742 -986 -213
-435 4748 3256 1918
-905 -1912 -4896 329
4235 -4580 811 -1361
-2625 2583 1567 -4722
-4480 1436 3320 -4308
-3017 1426 -4789 -2325
3646 -973 -2576 3718
-1668 2720 -3287 1783
4315 -1327 -4600 3416
1499 -238 -2879 -4399
1301 -1900 101 251
-237 -1271 -3763 2766
-4073 -367 1777 -1466
11 721 2868 3815
3405 1943 -3238 4880
27 -1807 -3045 -3162
-3933 -3846 -1956 1041
2651 -4252 3580 -2513
3457 -3666 -2297 -3889
-3188 -4677 -1162 -1619
-695 4360 1230 -1891
-4559 -4269 -2399 -2132
-4624 -849 3717 4938
254 -3410 3136 -1825
2191 287 -2077 4715
3415 -3376 -1383 2921
-3374 -4005 4219 -4525
-3932 -3659 501 4020
-3617 -4490 2399 4261
3748 -4922 3782 -2059
1341 -4183 -4625 -4427
-1332 2433 -882 1362
1774 2763 4742 -795
-1123 4061 1839 -3817
3451 -3456 -1780 -2551
4295 1852 2823 3921
-390 1570 -1028 1680
-373 -1518 1251 -516
-196 702 -3209 -1690
4142 -3660 -766 4311
-4376 3866 1171 4122
-1662 823 -1680 -1107
3295 1041 -3755 978
-2524 -1981 -2129 4669
3152 -377 -2395 -103
1989 -3245 -4683 -4709
-4014 -3839 989 4516
4767 -4980 -1715 -2723
-3735 2474 2851 3920
-4679 769 -1396 19
2236 -3863 2802 4852
812 -2900 -1819 -4811
2893 -4658 -2077 3288
3965 1801 -3242 -4499
1825 -1857 -1039 -4596
-2144 1277 1541 2858
-2056 -3940 -1607 -2102
-2434 -1148 -1299 -4130
3075 2077 368 -2295
-1278 -2554 -3245 -3246
-3563 2998 2521 1075
2906 -3380 1820 -2405
-4019 -3811 -331 2030
-64 4009 4740 -4003
-3379 689 -625 197
-2968 1118 94 100
-4670 2701 -612 -1984
4847 3500 -2932 2977
3106 -4548 -3039 -2680
380 -4695 2218 -3602
3830 3436 42 -4706
-3243 -1792 4090 3980
-19 1020 343 -197
-102 4707 -270 3706
-4764 -4559 -1724 4106
2044 -4198 3061 -184
3943 4161 -226 932
2174 3043 -4864 4079
-2531 -3387 4980 -4062
3286 4958 -3734 -3561
-2578 307 -1186 545
-3441 -2148 30 -4971
-4251 1324 3417 4140
2389 983 -855 -4426
1707 -825 2461 -4340
-1706 -3886 3226 153
-4287 -3956 -2651 4551
3708 1439 -1586 -4655
65 396 -4728 1096
1632 -120 -1121 -246
-3457 4970 -840 -3873
-2823 1769 197 897
876 -862 -509 101
2966 1893 4610 1474
4094 -4354 -2015 1563
1428 923 -1854 -4982
748 1729 3171 4974
3951 1214 -367 910
4012 4594 -2172 -2081
-3078 -3020 1568 -1227
-2351 1287 -1698 -2308
4633 -1152 2878 2244
4865 2931 -4306 -2752
-931 2777 3546 2119
4027 3339 -1067 538
-3431 3367 1117 -1132
1265 2002 -290 -2785
1357 1530 -928 4536
-59 1453 -701 -3283
-4043 -3460 -2912 4007
-3003 -998 -2750 1726
-1526 2461 3164 -4348
-3821 2855 1948 993
-3243 -1051 -2377 1345
-1865 2598 3062 1553
-566 -3576 -1004 -4136
-2612 4061 -4141 302
3819 -4376 1769 -4349
-3821 -1441 -2606 4957
702 1529 -3980 -3034
-4803 -3501 4576 4387
-3994 1662 -1085 3401
1170 -4624 4113 -1683
-679 -1235 -1907 2776
1343 2132 4326 -3584
-681 -2149 -3083 3407
4821 -107 -1162 -3251
-3966 -2372 1602 -245
794 -914 2146 3612
25 -3699 222 -2561
3638 2925 -2942 4737
-1590 1746 3587 -2362
4878 -2724 4011 -2126
-2223 -3937 -2004 852
2048 4890 2262 -3249
3968 4501 -132 54
4404 4026 2955 -3596
-1258 -1243 2244 3207
-4476 1429 4061 -2118
3306 4656 3169 -4843
2786 -300 -2803 2332
-1272 4197 -4059 -1097
3708 -969 -3685 4456
3221 1982 1243 -3756
-825 3322 -1732 -4658
-3696 -3986 1150 -2204
3536 663 -4745 4668
-163 2877 4999 2386
1576 -1796 -866 2293
-4070 -2716 -2846 -4175
2365 1389 -2387 -798
1729 -4000 -3376 -952
-22 -2429 2320 -2152
1077 -3851 -1424 -4361
1096 3998 -1258 1855
3048 -2114 -2292 -1280
-523 182 -1960 -4900
-2643 1447 3506 -2777
-2698 4631 744 169
-3354 -1422 -2628 1535
3401 -4037 2315 -3809
-4356 -1667 1627 -1483
-1652 -1601 593 -3954
-2798 -2750 392 -4101
-3564 1622 -4896 2943
-4798 3905 2338 -3952
4522 -4983 -1738 -3619
4345 -2168 -4679 -885
-2250 -3717 -1575 -2520
-3192 2830 2879 -4449
2153 4423 4846 3686
-4218 4634 2618 -1994
4120 -2895 4482 2854
-4121 2969 -3541 2595
-3255 2404 690 -3292
419 -2027 2771 -456
3052 4910 3790 3670
-4408 1000 375 3208
-3908 -3778 3510 1065
1490 -204 4422 1469
-4087 -194 3300 -3290
17 -1954 4145 4502
3411 238 -3478 -138
-321 -695 2492 2920
1050 -3185 4521 1559
-2764 -4705 -2374 -4703
463 1540 -3438 4319
-3754 -1416 -3693 -4943
-3080 1494 1650 1230
2468 -367 -856 -3251
679 -4436 2218 4398
-3847 -1776 -2277 1686
-4792 -4437 -305 2788
1199 -738 3614 2971
2284 1718 1947 -575
1188 2946 -752 -114
3962 2531 2597 -2022
2300 -675 670 1663
1425 -985 2208 -1284
3090 -2776 2171 629
708 3315 1359 3844
1158 -2461 2787 4729
-4707 1689 -4420 2204
-3325 917 4685 -587
-4418 1873 2171 3361
2799 -191 3408 -1088
-4753 4823 -1108 1060
2958 4888 11 -3121
4450 823 4530 -3944
-4989 -4139 -4935 -3589
-57 -23 1344 -1678
2283 -3368 4528 -559
2038 -2929 -627 -1369
1472 4863 -2491 -4490
-1542 810 2635 -484
-2558 -4103 -4110 -91
-4946 -2565 -2807 -4404
4874 1054 -4167 1202
3410 -1295 1089 3287
-3194 315 1157 -1885
-4689 4268 -3829 -116
45 -636 -1404 -4187
4091 -1605 1776 2016
-2554 1022 4920 1538
2857 1090 299 3482
-2920 1041 -4052 -370
-414 3586 4638 2452
-1740 -1714 -2579 -4075
-903 -1797 -2496 -1944
4460 -722 -2243 1522
1900 2587 2618 -3666
3095 -2870 2683 -4075
-82 -1676 -2227 -4426
2182 4836 1734 -432
-917 3928 -221 1015
3876 2958 -3366 -4295
-1187 2206 1278 -1068
4880 1669 1553 1681
-1645 1992 -565 89
3729 -2819 -4769 -422
10 4264 -3496 2577
4952 2548 4984 -3768
-769 2633 2270 4015
106 2839 2584 2630
1593 -1798 -1632 3136
-4314 4690 2011 2678
-3354 -1193 4470 743
-2090 229 -917 1344
-1371 2633 -3648 38
4381 -4621 2961 2182
4079 -3804 -4161 -3664
2620 2529 -476 4223
-3708 -3290 2619 -3860
-4523 -2408 -3373 -1756
-3320 -1173 -2067 -4399
3417 1423 1229 2416
2988 -4254 145 -1650
3678 -4375 -1606 -2679
4395 4705 2180 2706
-3693 2723 2176 346
3482 -3157 842 -1744
-2927 717 -1634 -545
-4914 1435 -1994 1813
-2751 2002 -876 -3669
2019 4513 3681 2748
270 -3324 -515 -1103
-2335 1845 958 -2303
-4725 210 -4267 3210
-4546 -3694 2820 4643
-2489 -4498 -4338 4731
-4790 -387 836 -3626
-4378 -697 695 -1032
-3627 -1564 -4274 3312
-4195 3016 -101 1500
-1905 4891 -193 -4276
2850 -2129 -4145 -2635
-3782 1401 1303 -4698
-1953 4479 2417 -167
-2885 -67 540 -3881
3972 -3245 4338 -1447
-1582 -4387 -1986 4964
-3852 222 -1224 -2934
-3390 4715 4327 1046
1577 4682 -1328 -293
1504 -2979 2009 -4923
4156 1270 -1997 -2131
-2414 2563 -794 -2270
-3045 3880 -1085 -4349
2242 2735 -4752 -2529
1383 4965 719 4873
850 -4221 -1910 -2235
3221 -4288 780 -523
-1243 -3347 3627 3657
-4469 594 -2739 -710
125 1264 -3112 -2268
-1557 -3705 3758 3174
3654 -4915 -4899 -4555
-4186 -4989 -4195 1543
-4820 -3857 2634 -172
-1237 2126 -753 -1744
-2854 2379 -2188 -4425
-3915 -1737 498 1889
4952 3390 1609 2492
1528 -4291 -1330 -3621
178 -3458 -1787 -1661
-2039 -783 -424 1043
677 -2544 -2532 1026
-1594 1180 1608 -27
-2446 4873 -809 207
3948 1182 3492 804
-992 -110 -637 -1776
-1479 -72 3919 2863
1059 -421 -1806 451
566 -2463 3043 4682
-4857 4966 69 4993
1569 -3775 -4133 897
2586 3405 -4643 1772
1472 -2649 -2509 -1482
-4050 -4693 4110 983
951 2848 244 2569
-2740 -4741 1623 923
587 1016 2688 1114
3094 -2489 -4118 -4794
-3108 -3295 497 -356
-3437 -4163 -3127 -665
-4777 -4137 -792 4855
-3843 -2224 -2220 -3332
-432 4461 -1148 -2216
1462 3244 -1953 3742
-797 1794 461 -3665
-4233 -2476 -1679 4987
2232 -1841 4440 -2828
-4471 -1375 -2730 -3196
-4010 -3096 827 -3016
-3277 -974 272 1023
4337 852 1420 3137
-1933 1786 -20 -2265
1811 3105 3779 3688
1118 1031 -1230 -2499
4665 2219 -2894 -3218
-2759 -3180 3049 2928
-1221 1754 3 -581
1464 4383 -547 -365
4445 4200 92 -4397
3194 -2268 2909 -3423
-1975 -724 -4471 3858
3820 -2347 -3420 -4243
486 -3389 -1625 4121
1179 4065 3679 1304
2815 2789 -146 4017
913 2761 1160 -2064
-1704 2778 -2518 4500
4681 -3477 -4714 -1215
1680 -4271 4067 4871
-4734 604 -928 2608
-4789 -4845 -1406 -2823
-1459 2597 1597 370
1540 3476 -1027 -23
2322 -3326 -803 1199
3514 952 -3329 1487
2085 2193 -1466 -2283
829 -1021 3218 2102
3568 -3309 1536 751
3570 -2237 -1421 -3715
2243 3249 2210 3409
2619 -1623 1417 3844
-338 2225 -4662 4544
-3059 -817 1212 572
-3319 -2630 -2957 1580
-2256 -3367 2274 -1735
3556 -3683 -2772 2725
-484 443 -383 4121
-3080 -4555 3892 -1454
-2069 3148 -3286 -493
3623 -888 -674 2931
4636 4025 -4877 -1898
1464 3276 -1826 3422
-1084 -2606 -4002 3421
-3220 3477 -2623 915
-3781 -4705 3462 -4294
-1075 -2796 -2010 -1248
3576 4537 -140 -1805
1614 629 -1128 1168
1881 -1875 2894 2770
1147 -272 2253 1133
-4948 1059 4621 4974
1507 -4240 1177 -2451
-3933 515 2335 -1596
-3669 -4862 -1186 1840
-126 388 1321 -1514
-2239 3661 -345 3904
3173 224 -519 -4387
2162 -4866 2579 -2550
1083 -1482 3841 -2330
2723 4349 -4207 4698
669 390 -1070 1924
-1070 4454 3646 468
1361 -363 -2970 -3702
2911 -1312 -4675 -4368
2229 -4842 311 11
2659 -3503 -4582 -49
-3847 1753 4828 3601
2135 4020 -3642 4277
851 -4697 -3594 -1682
-1769 -1048 2737 2137
-3207 2316 -1609 4894
4627 -217 -2502 690
1985 3856 1278 1687
2509 -585 4 1061
3629 3843 4217 2201
-1835 3144 -4026 -1954
-3342 1729 -1607 1981
-2537 1025 -695 -808
-854 -453 2273 4881
-2805 4614 -4238 3258
4596 3340 -1254 -1291
3298 -1922 -1460 -1954
1095 -1041 4116 250
-4043 3684 -4289 -2393
-2647 2238 -1012 -347
1574 1661 -461 -1178
-4387 3550 1019 4209
1615 4442 -2330 -2639
1434 -3272 -453 1489
-1665 -4729 -3802 3017
354 2365 2097 1868
-2627 1199 4609 4406
1420 -4506 2758 417
-2770 442 2595 3059
-2393 -2363 2435 -1828
-4391 4120 -1253 -3132
3093 3228 982 2782
2643 2372 1120 2927
-2573 420 1205 -1476
993 4841 -325 -265
-3440 -3747 4738 -4299
2816 -4457 598 -1221
758 -3789 -200 -591
3616 2099 2485 -4510
-618 -1854 822 -2314
2969 -648 4415 -425
2555 576 -48 -975
2115 -2646 -4113 4727
-307 -4634 433 -726
-1565 3731 -1358 -2297
4916 4774 1860 -2099
-3204 419 345 -3217
-669 2878 -2697 3645
-2225 4777 161 -397
198 1381 2317 -473
2758 -4922 -3809 360
-3041 -222 -4184 -2748
-4090 371 4789 -3606
4150 -83 2831 974
3024 4717 1757 4148
1189 4917 -865 444
-2757 -4193 -4595 4497
-967 2472 -2249 3525
1659 -2054 1499 -2545
3713 2528 -2672 -1908
-1217 -582 72 -3740
-3253 -672 2395 3296
-3102 4224 4120 827
2423 -2153 -4508 214
3274 -1805 164 585
1957 4585 1172 1862
4272 -516 696 -3322
4534 2746 1879 2597
2314 3422 -1509 3551
-4786 1788 -4293 -3119
-269 1761 2801 -92
-283 1348 -3980 -2572
-514 -3711 -2578 -959
-3915 -453 2967 2722
2771 -3187 633 -1463
3217 -4340 -3150 3913
3481 3526 -2986 -637
-3725 -2831 3386 1086
-442 3747 1137 4322
-1022 1192 832 -1095
1219 3027 3132 -4118
2753 278 -1009 1633
-3950 646 -3869 3386
2774 2588 87 -2472
981 -530 -4421 -365
874 -3559 1523 2610
1130 192 432 -3157
-4672 -755 511 3805
-4471 -54 -3783 1968
-2489 794 569 1469
-280 -4708 -21 1421
-4561 944 -93 1277
-4769 -417 -2907 -4851
4174 1666 1678 -4502
-4082 4702 -40 90
3109 3469 -3894 3634
1191 -2828 -1433 3003
134 -3797 4494 2444
-3888 -1348 2935 2682
2664 4235 -4905 -4664
-1633 791 -2568 1531
-4446 -4002 876 1138
2112 4474 -3037 -3476
-4118 -2084 -861 2240
-1300 3429 -4958 -463
4610 2708 3028 2119
4274 2222 3726 -2946
-4882 2063 4907 2226
4241 -1387 -4562 -749
-1384 3687 1616 -1739
4621 301 -3347 -1548
-3573 2734 1598 -4183
270 -3968 3470 -3040
-851 -2395 3902 -4603
-26 1090 -952 4264
2690 120 -936 -3189
-1574 -2839 2925 3624
1177 76 1862 2944
-4928 -3431 2210 -1976
-3259 4166 -4061 2901
-169 889 4649 -4492
-3820 -717 315 4526
-4301 3940 3564 3883
4489 197 -2241 -3700
-1786 -858 4674 4805
-4724 1602 -4953 -1395
1810 1257 4782 -2768
-1957 4545 -4910 4371
3035 2505 2344 261
2348 -2773 936 -903
654 3048 -91 -4672
-1160 174 1652 245
2614 -4145 -1564 -2203
-2833 -4205 75 -3993
-100 -4060 3487 -2085
767 2302 2444 3452
-2748 3977 3290 1141
-1481 2013 -99 -3955
763 4285 -1317 -2144
3288 4028 1871 541
2356 -2806 4929 2445
-2673 1280 1317 3257
1127 -4216 -4590 1752
4568 1958 1866 -4289
1568 -3006 -2810 2916
-222 -4687 -3184 -353
-1330 -2886 -1543 571
4598 1828 15 1428
-113 1648 -2158 3437
449 -2226 -1388 -4195
3991 -450 -4392 269
-1680 4131 -2313 -941
-3208 1841 -3284 -4805
-4572 -108 -3244 1527
3735 4594 -4229 2419
-1248 -262 -1849 -510
-628 -3704 3830 306
-4556 -3910 -2730 -3554
3714 -406 -2897 4834
114 -4470 4709 3753
-4552 -2603 -2490 2435
-1010 -392 264 651
2038 3375 -4868 2191
952 15 -1186 3652
-3302 -3185 2519 -2573
-4555 -1868 -1932 -4683
2236 1863 887 -3341
-2738 -1041 -1799 2390
1782 1134 -1819 3931
-1796 -586 3352 3327
-3620 3705 -982 -1479
-4382 1009 -4993 -4813
-533 -2526 -3496 4022
-2199 -3099 -2747 -100
-1785 -4100 -4077 -3200
-3707 3317 3902 -87
1755 -883 307 3827
-4969 -4644 -2500 3211
-3722 -579 -2126 -114
-3612 -2834 205 -2292
-2997 1133 1346 4153
4080 -3511 -3461 -4979
-2972 4840 -860 -3843
2955 3594 -1981 3609
3051 -3995 -1565 1108
-4353 4574 -342 1299
-2032 -2044 114 4608
-3880 -978 -1652 -2826
347 -749 -4423 -3271
70 2083 3111 2848
771 -4586 -4563 -4527
2215 876 -2772 3108
-4930 -4948 82 -396
451 -4698 2244 -4068
4406 337 2121 852
-3108 3212 3847 1886
2258 1876 698 -4500
-4222 -37 -379 2895
-1740 -2055 -2320 -4665
-1741 2342 -1326 383
-1070 -1896 -4269 -2014
4056 -3134 3146 2795
-4734 1185 -1752 -3373
-3 2459 1582 2491
-2785 -2346 1177 -939
-4573 -2496 4190 2019
-4973 -3649 -3293 -3826
4491 1264 -29 -247
-2529 -4397 -1163 -227
-4703 -312 -4282 4916
-3060 -1287 814 -213
-4050 -4415 -3101 1978
1416 3820 4452 851
-2538 3173 409 4419
3324 -1859 1323 -1735
3536 -2991 -799 -2122
-4751 -3417 -4179 3325
-2772 -4717 -1214 2669
2540 4730 109 -1973
4484 -2498 -4384 -4319
2778 -3792 930 -847
4544 -3466 -2663 1641
2123 4422 -1700 1727
-2766 -4963 4914 3764
-1460 -1328 -3925 1846
-2880 -3740 -3358 3769
1897 4636 4392 -1113
4550 -783 4018 1275
934 -760 3986 -2908
3556 -1760 -500 2571
-2888 -109 2381 -3480
-3353 -3098 -3869 -1241
-4662 -1909 1957 3384
-3536 -3680 -951 3275
1560 -2572 -112 -247
4317 -2169 -1140 -1218
-2760 -4062 -36 2639
-4404 41 -3105 3442
702 2841 -3722 2452
2054 252 2340 -3443
-4643 -343 -1204 831
968 261 1237 3592
4796 -4305 793 -2149
1176 -3461 -2637 567
4767 -2088 -1823 -1392
-4016 4781 4988 -2171
2019 -4843 671 -828
2954 -1172 3499 3194
28 -3221 4890 1923
561 3971 3905 4467
1592 -4381 -727 254
1734 4630 -2779 1338
-1694 -4630 905 2656
4257 -3604 4712 -3349
-3092 2320 4208 -3826
-1937 2465 32 -2951
2501 1460 1504 -761
-610 4436 3223 2990
-1347 -3024 -4541 3876
1816 -2516 -3408 -1854
4368 -2889 3400 -2717
4170 -84 2470 -1828
-2065 3403 3506 2794
-4682 -2907 2836 -1153
-2353 4297 2872 202
-4180 -269 826 3597
-596 3138 -2546 -4524
-3531 -3422 4107 388
1182 529 3881 -164
3699 1466 133 -2003
4382 1072 3152 -1787
1872 4734 3274 1655
2053 4481 -3801 -2921
2434 -972 3821 -1934
3987 1069 1327 1658
-44 -518 -1137 -197
-1305 1612 3535 2503
-4962 -1735 -4959 -922
2253 1590 -4299 1456
4100 3504 3178 885
4026 -204 1656 -3019
-3963 2593 4782 -4481
-737 1325 1120 -1132
-4240 -141 427 474
-1427 4941 -3482 2316
4598 -1378 3 1708
4268 4811 1677 1392
-2407 -2386 4848 4292
3592 -3380 2385 1862
-2350 1783 1752 2423
-1186 -1940 -1161 3395
-3418 -2534 -1166 -1171
4201 3691 -44 1151
3011 1945 3297 3526
-133 4183 -429 -3267
-2839 -2632 1056 1974
2496 -74 4494 -1481
2513 -949 -1756 2588
2938 -982 4461 1375
4342 -1846 4589 3637
683 -369 3944 -4271
-4873 -1267 -1332 -487
-4792 -3251 -4155 -3966
-3164 -837 -4962 -3626
4200 3278 -2938 -1404
86 -2057 3237 -2834
-1347 -4462 -4068 -1215
180 3867 -1336 -3986
4841 3123 1542 -2387
14 577 -4667 1994
3168 3144 4929 -2305
-136 -4509 504 2280
3886 -1163 2137 -1423
4047 3099 1182 4655
-305 2553 -834 1446
4453 2644 2501 -583
-4782 3124 -1216 3211
959 166 -2025 640
3344 -2401 -779 -40
-1287 4937 1628 -3180
-1545 -2645 4734 -208
2291 254 1996 897
-3480 -1410 -1954 -4976
-3263 -1384 -1990 -350
2072 -2816 4670 3774
-4530 1280 -3254 2462
2050 -2064 -910 916
-4931 2180 3055 -532
-3474 -1820 2837 -1586
-3064 -3767 1067 -924
-3697 -4230 4425 -4972
-4172 2010 -2429 4857
-2618 1446 1167 -4604
-4730 -1207 -2732 1817
2319 -4426 2871 -1507
-164 -2007 -101 2043
-1562 -749 -2599 -4541
4314 -1041 -750 -279
2935 -195 -1878 -3190
-261 -854 4032 -4472
4847 649 3215 -983
-3697 -1327 631 406
3904 -4478 -3131 467
3137 -758 -2258 -1294
-3753 -2895 2347 -3211
4980 -2555 2870 703
-2972 5 -3073 -4433
-4296 2436 708 4496
-118 -1877 -1281 420
-1269 -2019 3394 -2726
3276 -3614 -4642 4455
4315 -1113 2636 -4039
3729 -3132 4566 3108
3704 1802 3720 -2760
-4087 -729 -3402 -3660
173 388 1386 -3062
-378 -4207 -1444 229
-3064 4874 -2416 -1193
3624 365 580 -2079
1931 -4017 1099 2658
-3621 2262 3918 -37
-522 3231 -938 1890
3639 4097 862 4012
-1183 -2398 320 376
2922 4178 -3432 3916
-482 -1400 697 -1262
4857 3249 2747 -1831
3763 -4323 121 -10
1408 -4396 3231 -2253
-4490 4028 1626 4558
973 4574 1414 3311
-3475 4773 2232 4673
353 2392 -432 1793
-705 -497 -4300 -1858
3602 4427 38 2350
-3190 -790 -2841 1492
-2249 -2197 -1698 1695
-772 -2417 -388 2490
-4598 4385 -2082 -1191
-2596 -1311 2314 2037
4206 -1861 -2661 -980
3304 -981 1025 -4562
3205 -3124 -1398 -2544
-2710 3918 139 3045
-3944 -1638 -2103 1887
2279 -1619 -3311 278
1132 804 -1991 4921
4780 2233 -3773 -2978
-1507 -2280 2630 -4405
2801 -320 575 -3611
3730 -2829 2556 326
637 3229 -2545 2872
-1307 -4623 3751 3245
529 1997 1993 -143
-913 4704 -2714 -4093
1200 4380 100 -3478
-1059 -3970 1160 -3634
3262 -4892 3722 4103
1962 -4521 3988 -2360
1508 -3333 -2029 1542
-248 -4460 567 -4463
4062 -4896 130 505
-3091 548 -678 -4133
-1574 200 530 -223
2998 -3445 1618 1020
4380 22 -4695 -971
1402 -4439 2951 -4078
3773 -152 1020 1966
-4963 4135 -3982 3374
-2819 -4534 1175 -1155
-1041 -3606 -4344 -1249
-2558 857 4585 -1630
-169 1377 -4341 4089
68 235 -4366 -1039
2271 4772 -2531 1541
527 4481 -3598 -602
2076 -4960 743 -3792
-1592 1943 670 -1158
-3681 3894 -4206 -1653
-1551 3606 -201 -3771
324 1170 -2092 4951
-1544 2650 486 -962
1509 4060 3535 710
4080 -1628 4387 1438
112 727 -1647 -1661
482 4485 -373 1807
-3212 -1707 -2785 -1711
867 1800 4177 -377
-2919 -4796 -4039 -2176
1894 -4731 1107 1741
2774 -2033 -4890 -517
-4040 -4583 -4286 -1971
108 2261 -4574 -1091
364 4140 4528 -3608
4882 -1570 -4636 2056
3335 4882 -3808 -2831
4425 1342 379 1774
-3049 -2817 4213 -3104
-3556 4629 4123 3762
-3082 -4391 1590 1456
4747 -697 1510 1903
-770 3048 -2678 -1404
1839 -3262 3655 2969
3711 -1609 4786 -177
-1603 -3961 4694 706
4414 -1420 1987 1671
-385 -4223 474 -712
-3082 -4969 3690 -3651
-1571 105 -881 -3851
2479 4442 -4573 1759
-4385 -757 3471 4193
-930 3960 -632 887
-3243 4345 -4593 3373
-710 740 2081 580
-3899 -3267 2031 1650
-4852 -4136 4161 -316
-2726 1514 3739 -4677
-274 2648 1730 -3434
882 -4433 4164 -1262
-4291 -687 -182 -3991
-1017 -95 1985 3370
803 -3964 -2381 -4520
-3565 -3585 4628 -3722
12 -3620 -4385 777
-881 -1029 3823 -2061
4803 3090 4586 1046
-966 -1078 3054 -544
-859 -1729 -3516 3176
-3726 4955 -3132 -866
2397 -2061 -2812 -4430
-2129 -2666 2071 -1553
-867 946 1135 1289
3522 -3489 794 -2640
-4234 2281 -2179 570
-1817 -3882 -4569 -957
4099 747 182 2723
1545 328 -4539 3950
1734 1008 4849 -2604
4378 -4406 -3866 3275
-647 21 4271 -4773
1757 -3239 -959 1789
4885 -2170 727 -2144
3158 -2445 4553 40
4534 2747 2199 -2675
-569 -4552 -3860 -4059
695 900 128 4845
-3353 894 -3440 -4275
-3267 160 -957 -1062
-3180 943 -4075 4274
-1349 -1560 -1934 2963
-4490 -2771 1647 4831
3617 -3627 4287 2005
-3713 -1666 249 -1920
-4620 4364 -1978 -852
2085 -3473 1058 602
-3447 4010 -59 1115
3424 -1127 1774 2707
-2227 3906 69 3294
3505 2729 -4092 -4356
3736 -180 -1330 4127
184 -4401 2100 -1821
-3892 -758 -1003 -1119
4821 -623 -4690 2556
3311 312 1920 2796
-1999 -1039 -115 -176
-2821 -4881 2436 3597
2131 -4762 4501 4550
-3501 -2625 -1960 3398
915 2448 -1025 -1103
-2583 4473 -1015 -36
-4300 -74 2964 -3920
723 3903 408 -2641
-1300 -1790 -3475 3204
-3984 4061 -3665 -4037
3092 -468 2558 3465
2732 -579 -4443 1871
-12 2683 1125 -2267
-1939 85 -609 -4341
