75
-108 -34 58 33
-93 0 39 -114
-48 -24 39 12
-112 91 -14 -79
22 -106 19 49
94 90 61 117
19 -100 61 113
78 83 -113 23
113 -9 -43 117
96 77 34 -36
69 43 16 28
25 75 47 38
12 36 44 40
-61 96 -66 -114
-22 -29 102 56
-48 105 81 -61
-72 -57 -64 -57
46 111 70 78
-7 -92 -51 72
-114 -44 4 13
-29 83 115 -19
54 -17 17 -51
28 86 -39 -36
-85 -49 -115 99
-76 -91 98 63
25 33 -49 -3
-82 103 7 68
-38 65 -17 22
-24 -38 19 39
-15 -88 67 82
-85 -42 35 -81
38 4 -81 26
23 17 35 -100
-63 116 -12 102
-20 -117 -31 -109
21 -5 15 13
-82 -117 -10 -28
115 -95 107 -50
40 -59 82 -50
-92 -94 -13 -25
-33 -44 23 -91
42 13 36 -55
5 101 -64 89
69 38 38 -53
-15 95 -12 91
-17 86 -54 70
19 71 -50 42
66 2 39 -30
31 -64 66 -105
-2 -43 -21 -72
-1 94 100 -39
106 -9 -103 35
-59 -71 -61 55
-37 -40 -98 -108
-114 64 51 -112
93 -103 -66 47
67 -29 -109 -26
58 45 -35 106
-96 79 16 -46
-110 108 61 17
88 -41 -24 78
68 94 74 -44
91 38 -75 92
44 -102 -86 16
-15 112 -83 94
112 -5 -71 -55
77 -46 45 -9
-107 -93 -52 -111
60 78 -42 -37
-57 -44 113 -28
59 32 -85 12
-29 53 -110 -66
-12 -26 43 35
-76 103 73 2
93 19 -83 -57
