45
-1653 -1395 -98 1941
-1543 -1600 777 181
862 -66 -643 450
-855 435 1334 1954
23 -34 433 1349
-42 -261 -1778 1060
998 574 690 1414
1667 588 -1104 1130
1705 -1856 5 1759
-1525 1153 -1976 -1394
-145 -1229 549 -282
1424 -1434 -1163 1493
-1258 -795 -486 472
565 -259 -768 -126
-224 1544 -1411 441
1868 1948 -1379 160
1779 1681 -1816 -1592
-1110 -872 1532 -897
-981 -500 411 -1592
-815 1967 1968 1554
-1998 -1181 808 357
1470 -285 496 1967
1010 1087 817 -1562
-462 -244 -1888 1660
391 829 1008 -769
926 931 -1167 1822
-404 -1158 -942 -402
322 603 1051 270
969 1139 477 314
-262 -517 1638 -43
289 -356 -1916 -548
-587 196 792 1233
52 -1361 233 1511
-511 -395 -357 1848
1520 -1041 -207 -1694
416 -1123 -1397 711
-501 -64 -130 1596
-1879 -692 467 1400
-112 -904 286 -533
1918 -110 -1734 -581
-40 1601 804 466
-823 631 -134 1205
-591 -550 1108 1485
-1265 -370 1324 -1114
-1868 418 1526 -611
