101
-100 -100 -90 -100
-99 -99 -89 -99
-98 -98 -88 -98
-97 -97 -87 -97
-96 -96 -86 -96
-95 -95 -85 -95
-94 -94 -84 -94
-93 -93 -83 -93
-92 -92 -82 -92
-91 -91 -81 -91
-90 -90 -80 -90
-89 -89 -79 -89
-88 -88 -78 -88
-87 -87 -77 -87
-86 -86 -76 -86
-85 -85 -75 -85
-84 -84 -74 -84
-83 -83 -73 -83
-82 -82 -72 -82
-81 -81 -71 -81
-80 -80 -70 -80
-79 -79 -69 -79
-78 -78 -68 -78
-77 -77 -67 -77
-76 -76 -66 -76
-75 -75 -65 -75
-74 -74 -64 -74
-73 -73 -63 -73
-72 -72 -62 -72
-71 -71 -61 -71
-70 -70 -60 -70
-69 -69 -59 -69
-68 -68 -58 -68
-67 -67 -57 -67
-66 -66 -56 -66
-65 -65 -55 -65
-64 -64 -54 -64
-63 -63 -53 -63
-62 -62 -52 -62
-61 -61 -51 -61
-60 -60 -50 -60
-59 -59 -49 -59
-58 -58 -48 -58
-57 -57 -47 -57
-56 -56 -46 -56
-55 -55 -45 -55
-54 -54 -44 -54
-53 -53 -43 -53
-52 -52 -42 -52
-51 -51 -41 -51
-50 -50 -40 -50
-49 -49 -39 -49
-48 -48 -38 -48
-47 -47 -37 -47
-46 -46 -36 -46
-45 -45 -35 -45
-44 -44 -34 -44
-43 -43 -33 -43
-42 -42 -32 -42
-41 -41 -31 -41
-40 -40 -30 -40
-39 -39 -29 -39
-38 -38 -28 -38
-37 -37 -27 -37
-36 -36 -26 -36
-35 -35 -25 -35
-34 -34 -24 -34
-33 -33 -23 -33
-32 -32 -22 -32
-31 -31 -21 -31
-30 -30 -20 -30
-29 -29 -19 -29
-28 -28 -18 -28
-27 -27 -17 -27
-26 -26 -16 -26
-25 -25 -15 -25
-24 -24 -14 -24
-23 -23 -13 -23
-22 -22 -12 -22
-21 -21 -11 -21
-20 -20 -10 -20
-19 -19 -9 -19
-18 -18 -8 -18
-17 -17 -7 -17
-16 -16 -6 -16
-15 -15 -5 -15
-14 -14 -4 -14
-13 -13 -3 -13
-12 -12 -2 -12
-11 -11 -1 -11
-10 -10 0 -10
-9 -9 1 -9
-8 -8 2 -8
-7 -7 3 -7
-6 -6 4 -6
-5 -5 5 -5
-4 -4 6 -4
-3 -3 7 -3
-2 -2 8 -2
-1 -1 9 -1
0 0 10 0
