50
0 0 100 0
1 1 99 1
2 2 98 2
3 3 97 3
4 4 96 4
5 5 95 5
6 6 94 6
7 7 93 7
8 8 92 8
9 9 91 9
10 10 90 10
11 11 89 11
12 12 88 12
13 13 87 13
14 14 86 14
15 15 85 15
16 16 84 16
17 17 83 17
18 18 82 18
19 19 81 19
20 20 80 20
21 21 79 21
22 22 78 22
23 23 77 23
24 24 76 24
25 25 75 25
26 26 74 26
27 27 73 27
28 28 72 28
29 29 71 29
30 30 70 30
31 31 69 31
32 32 68 32
33 33 67 33
34 34 66 34
35 35 65 35
36 36 64 36
37 37 63 37
38 38 62 38
39 39 61 39
40 40 60 40
41 41 59 41
42 42 58 42
43 43 57 43
44 44 56 44
45 45 55 45
46 46 54 46
47 47 53 47
48 48 52 48
49 49 51 49
